### 2009 (2)
SHAWNEE ll FLOW AND RAINFALL SUMMARY 2009																			 SHAWNEE ll FLOW AND RAINFALL SUMMARY 2009
DATE	JAN MGD	JAN PRECIP		FEB MGD	FEB PRECIP		MARCH MGD	MARCH PRECIP		APRIL MGD	APRIL PRECIP		MAY MGD	MAY PRECIP		JUNE MGD	JUNE PRECIP		DATE	JULY MGD	JULY PRECIP		AUG MGD	AUG PRECIP		SEPT MGD	SEPT PRECIP		OCT MGD	OCT PRECIP		NOV MGD	NOV PRECIP		DEC MGD	DEC PRECIP
1
2
3
4
5
6
7
8
9
10
11
12
13
14
15
16
17
18
19
20
21
22
23
24
25
26
27
28
29
30
31
SUM	0	0		0	0		0	0		0	0		0	0		0	0		SUM	0	0		0	0		0	0		0	0		0	0		0	0
AVG 	#DIV/0!	#DIV/0!		#DIV/0!	#DIV/0!		#DIV/0!	#DIV/0!		#DIV/0!	#DIV/0!		#DIV/0!	#DIV/0!		#DIV/0!	#DIV/0!		AVG 	#DIV/0!	#DIV/0!		#DIV/0!	#DIV/0!		#DIV/0!	#DIV/0!		#DIV/0!	#DIV/0!		#DIV/0!	#DIV/0!		#DIV/0!	#DIV/0!
MAX	0	0		0	0		0	0		0	0		0	0		0	0		MAX	0	0		0	0		0	0		0	0		0	0		0	0
MIN	0	0		0	0		0	0		0	0		0	0		0	0		MIN	0	0		0	0		0	0		0	0		0	0		0	0
Blue cell indicates day when new flow meter was put into service
Red cells indicates months where average flows were below 2.0 MGD																			Red cells indicates months where average flows were below 2.0 MGD
Orange cells indicates days where violations occurred due to high flow																			Orange cells indicates days where violations occurred due to high flow

### Total Avg. flows
Shawnee II Flow Summary and Monthly Rainfall
Year	Month	Avg. Monthly Flow in MGD	Total Monthly Precip. in inches		Avg.	Avg. of 12 mo. Avg.
2001	January	1.876	1.45		1.876
2001	February	2.525	3.1		2.525
2001	March	1.954	2.05		1.954
2001	April	2.646	3.75		2.646
2001	May	2.568	6.6		2.568
2001	June	2.057	2.45		2.057
2001	July	1.657	2.6		1.657
2001	August	1.723	4.05		1.723
2001	September	1.816	4.7		1.816
2001	October	2.452	10.1		2.452
2001	November	1.655	3.05		1.655
2001	December	2.291	4.05		2.291
					25.22	2.10166666666667
2002	January	1.738	0		1.738
2002	February	2.564	1.6		2.564
2002	March	2.687	6.66		2.687
2002	April	3.161	4.3		3.161
2002	May	2.645	4.9		2.645
2002	June	1.633	1.68		1.633
2002	July	1.49	2.79		1.49
2002	August	1.377	1.88		1.377
2002	September	1.418	3.85		1.418
2002	October	1.398	1.8		1.398
2002	November	1.923	3.85		1.923
2002	December	1.963	3.75		1.963
					23.997	1.99975
2003	January	1.927	1.84		1.927
2003	February	1.831	3.28		1.831
2003	March	3.446	3.5		3.446
2003	April	2.43	3.58		2.43
2003	May	2.951	8.85		2.951
2003	June	2.208	4.22		2.208
2003	July	3.019	6.95		3.019
2003	August	2.48	7.4		2.48
2003	September	2.202	5		2.202
2203	October	1.907	2.9		1.907
2003	November	2.49	3.1		2.49
2003	December	3.066	4.4		3.066
					29.957	2.49641666666667
2004	January	2.133	3.45		2.133
2004	February	1.93	0.8		1.93
2004	March	2.73	3.6		2.73
2004	April	1.79	2.1		1.79
2004	May	2.35	8.4		2.35
2004	June	2.39	6.1		2.39
2004	July	1.99	7.89		1.99
2004	August	1.98	6.4		1.98
2004	September	0.98	1.75		0.98
2004	October	1.2	3.62		1.2
2004	November	2.21	6.4		2.21
2004	December	2.31	2.05		2.31
					23.993	2
2005	January	3.07	11.42		3.07
2005	February	2.7	2		2.7
2005	March	2.31	3.25		2.31
2005	April	2.61	5.4		2.61
2005	May	1.83	1.35		1.83
2005	June	1.35	2.2		1.35
2005	July	1.55	4.9		1.55
2005	August	1.56	5.6		1.56
2005	September	2.11	6.3		2.11
2005	October	1.64	6.22		1.64
2005	November	1.93	5.25		1.93
2005	December	2.28	3.4		2.28
					24.94	2.08
2006	January	2.6649	3.7		2.6649
2006	February	2.4	2.55		2.4
2006	March	2.0583	2.78		2.0583
2006	April	2.0895	2.6		2.0895
2006	May	2.3156	6.05		2.3156
2006	June	2.0144	5		2.0144
2006	July	1.8129	3.55		1.8129
2006	August	1.4758	2.51		1.4758
2006	September	1.5883	4.2		1.5883
2006	October	2.0197	6.5		2.0197
2006	November	1.9149	2.61		1.9149
2006	December	2.6464	5.85		2.6464
					25.0007	2.08
2007	January	3.03	8.55		3.03
2007	February	1.89	7.6		1.89
2007	March	3.21	6.05		3.21
2007	April	2.72	6.05		2.72
2007	May	1.65	0.75		1.65
2007	June	1.32	2.3		1.32
2007	July	1.23	0.15		1.23
2007	August	1.91	10.4		1.91
2007	September	1.55	3.8		1.55
2007	October	1.29	2.26		1.29
2007	November	1.7	4.5		1.7
2007	December	2.88	5.5		2.88
					24.38	2.03166666666667
2008	January	2.4	3.95		2.4
2008	February	2.8	7.45		2.8
2008	March	3.21	5.7		3.21
2008	April	2.59	4.05		2.59
2008	May	2.41	5.75		2.41
2008	June	2.14	6.25		2.14
2008	July	1.64	2.3		1.64
2008	August	1.1	0.95		1.1
2008	September	0.95	1.25		0.95
2008	October	1.12	1.75		1.12
2008	November	1.29	0.2		1.29
2008	December	1.96	3.55		1.96
					23.61	1.9675
2009	January
2009	February
2009	March
2009	April
2009	May
2009	June
2009	July
2009	August
2009	September
2009	October
2009	November
2009	December
					0	0

### Sum < 2.0 MGA and Avg.
< 2.0 MGD with all rec. rain					< 2" Rain
Year	Month	Avg. Flow	Precip.		Avg. Flow	Precip.
2001	January	1.876	1.45		1.876	1.45
2001	March	1.954	2.05
2001	July	1.657	2.6
2001	August	1.723	4.05
2001	September	1.816	4.7
2001	November	1.655	3.05
2002	January	1.738	0		1.738	0
2002	June	1.633	1.68		1.633	1.68
2002	July	1.49	2.79
2002	August	1.377	1.88		1.377	1.88
2002	September	1.418	3.85
2002	October	1.398	1.8		1.398	1.8
2002	November	1.923	3.85	(Month Seriff N. PS up-sized)
2002	December	1.963	3.75
2003	January	1.927	1.84		1.927	1.84
2003	February	1.831	3.28
2003	October	1.907	2.9
2004	January	1.93	0.8		1.93	0.8
2004	April	1.79	2.1
2004	July	1.99	7.89
2004	August	1.98	6.4
2004	September	0.98	1.75		0.98	1.75
2004	October	1.2	3.62
2005	May	1.83	1.35		1.83	1.35
2005	June	1.35	2.2
2005	July	1.55	4.9
2005	August	1.56	5.6
2005	October	1.64	6.22
2005	November	1.93	5.25	Preceived as dry months
2006					1.83	1.35
2006	July	1.81	4.9
2006	August	1.48	5.6
2006	November	1.91	5.25
2006
2006	Total	#N/A	#N/A	(9 Mo.s)	#N/A	#N/A
	Average	1.69	3.23	Average	1.63	1.39
(29 Mo.s)

### 2001
SHAWNEE II 2001 FLOW AND RAINFALL SUMMARY																			SHAWNEE II 2001 FLOW AND RAINFALL SUMMARY
DATE	JAN MGD	JAN PRECIP		FEB MGD	FEB PRECIP		MARCH MGD	MARCH PRECIP		APRIL MGD	APRIL PRECIP		MAY MGD	MAY PRECIP		JUNE MGD	JUNE PRECIP		DATE	JULY MGD	JULY PRECIP		AUG MGD	AUG PRECIP		SEPT MGD	SEPT PRECIP		OCT MGD	OCT PRECIP		NOV MGD	NOV PRECIP		DEC MGD	DEC PRECIP
1	1.597	0.1		2.667			1.945			1.98			1.743			2.597			1	1.518			1.574			1.554			1.904			1.539			3.123
2	1.897			2.143			1.792			1.767			1.633			2.9	0.3		2	1.397			1.767	0.1		1.494			1.377			2.143	0.4		2.357
3	1.546			2.032	0.2		1.852			1.687			1.6			2.386			3	1.784	0.3		1.665			1.538			1.325			1.825			2.068
4	1.515			1.966			1.873			1.533			1.516			2.39	0.15		4	1.747			1.645			1.358			1.26			1.803			1.99
5	1.452			1.853	0.25		1.748	0.1		1.576			1.581			2.55	0.2		5	1.504			1.328			1.343			3.133	1.4		1.51			1.794
6	1.554			1.726	0.1		1.69			2.511	0.35		1.383			3.164	0.3		6	1.503			1.389			1.359			3.031			1.478			1.824
7	1.557			1.867			1.705			2.197			2.095	0.85		2.504			7	1.909	0.35		1.361			1.419	0.15		1.99			1.477			1.668
8	1.434			2.229	0.15		1.599	0.25		2.024			2.153			2.282			8	1.751			1.428			1.427	0.1		1.712			1.469	0.1		1.623
9	1.416			3.647	0.6		1.566			1.882	0.1		1.73			2.041			9	1.723			1.551			3.243	1.3		1.484			1.341			1.596
10	1.41			4.037			1.64			2.738	1		1.65			1.753			10	2.426	1.25		1.664			2.581			1.467	0.2		1.492			1.494
11	1.42			3.242			1.621			4.325	0.5		1.893	0.4		2.162	0.5		11	1.966			1.554	0.2		1.686			3.421	1.4		1.54			1.435
12	1.361			2.346			1.774	0.25		4.126			2.054			2.534			12	1.602			1.669			1.52			3.742			1.33			2.069	0.35
13	1.484			2.136	0.1		2.176	0.15		2.983			2.113			2.24	0.35		13	1.433			1.478			1.49	0.2		2.728	0.5		1.333			1.943	0.3
14	2.123	0.15		3.95	0.6		1.853			2.591			2.112	1.35		2.027			14	1.376			1.304			1.394			3.934	4		1.308			3.525	0.75
15	3.358			3.922			1.75	0.3		3.834	0.75		3.813	0.65		1.938			15	1.367			1.286			1.422			3.481	0.3		1.318			3.346
16	2.518			3.386			3.612	0.35		3.998			3.528	0.1		1.922			16	1.344			1.336			1.4			4.17	0.8		1.276			3.254	1.1
17	2.12			2.601			3.576	0.05		3.075			3.14	0.2		1.688			17	1.787	0.5		1.352			1.577	0.7		3.798			1.353			3.685	0.6
18	2.017			2.326			2.877			2.565			3.708			1.752			18	1.807			2.026	0.6		2.128	0.4		2.696			1.351			4.053
19	1.857			2.146			2.448			2.682	0.75		3.408			1.657			19	1.722			1.917			3.79	0.95		2.167			1.408	0.15		3.799
20	1.823			1.987			2.198			4.087	0.2		2.773			1.735			20	1.611			1.429			2.439			1.896			1.423			2.977
21	1.725			1.914	0.4		2.033			4.262	0.1		2.587	0.1		2.121	0.65		21	1.911			1.469			2.09	0.15		1.899	0.15		1.392			2.258
22	1.624			1.962	0.2		1.892			3.474			2.192			2.124			22	1.775			3.167	1.3		1.82			1.77			1.375			2.465
23	1.6			1.694	0.1		1.757			2.778			2.178	0.15		1.867			23	1.909			2.7	0.15		2.348	0.5		2.72	0.6		1.392			2.205	0.1
24	1.591	0.2		2.588	0.3		1.828			2.441			3.216	0.8		1.7			24	1.579			1.928			2.251	0.1		3.613	0.75		1.573	0.4		2.072	0.1
25	1.553			3.628			1.906	0.5		2.314			3.808	0.45		1.604			25	1.615	0.1		1.837			1.924	0.15		3.613			1.595			1.95	0.1
26	1.614			2.448			1.645			2.51			3.769	1		1.522			26	1.667			2.446	0.4		1.719			2.707			1.55	0.3		1.908	0.4
27	1.493	0.2		2.215			1.646			2.023			3.817			1.534			27	0.826			1.957			1.6			2.064			1.699	0.1		1.834	0.25
28	1.547	0.15		2.031			1.714			1.876			3.751	0.45		1.589			28	0.841	0.1		1.572			1.576			1.951			2.649	0.65		1.685
29	2.652	0.45					1.69			1.831			3.319			1.738			29	2.873			1.473			1.524			1.787			3.257	0.85		1.739
30	3.72	0.2					1.533			1.721			2.895			1.68			30	1.608			2.185	1.3		1.457			1.601			3.461	0.1		1.665
31	3.574						1.647	0.1					2.462	0.1					31	1.487			1.942						1.559						1.607
SUM	58.15	1.45		70.689	3.1		60.586	2.05		79.391	3.75		79.62	6.6		61.701	2.45		SUM	51.368	2.6		53.399	4.05		54.471	4.7		76.02	10.1		49.66	3.05		71.011	4.05
AVG 	1.876	0.05		2.525	0.11		1.9544	0.07		2.6464	0.13		2.5684	0.21		2.0567	0.08		AVG 	1.657	0.08		1.7225	0.13		1.8157	0.16		2.452	0.33		1.6553	0.1		2.2907	0.13
MAX	3.72	0.45		4.037	0.6		3.612	0.5		4.325	1		3.817	1.35		3.164	0.65		MAX	2.873	1.25		3.167	1.3		3.79	1.3		4.17	4		3.461	0.85		4.053	1.1
MIN	1.361	0		1.694	0		1.533	0		1.533	0		1.383	0		1.522	0		MIN	0.826	0		1.286	0		1.343	0		1.26	0		1.276	0		1.435	0
Red cells indicates months where average flows below 2.0 MGD																			Red cells indicates months where average flows were below 2.0 MGD
Orange cells indicates days where violations occurred due to high flow																			Orange cells indicates days where violations occurred due to high flow

### 2002
SHAWNEE II 2002 FLOW AND RAINFALL SUMMARY																			SHAWNEE II 2002 FLOW AND RAINFALL SUMMARY
DATE	JAN MGD	JAN PRECIP		FEB MGD	FEB PRECIP		MARCH MGD	MARCH PRECIP		APRIL MGD	APRIL PRECIP		MAY MGD	MAY PRECIP		JUNE MGD	JUNE PRECIP		DATE	JULY MGD	JULY PRECIP		AUG MGD	AUG PRECIP		SEPT MGD	SEPT PRECIP		OCT MGD	OCT PRECIP		NOV MGD	NOV PRECIP		DEC MGD	DEC PRECIP
1	1.566			4.393	0.1		1.97	0.01		4.05	0.1		2.59	0.25		1.873			1	1.508			1.378			1.155			1.36			1.425			1.874
2	1.559			3.972			3.542	0.45		3.891	0.4		2.637			2.001			2	1.452			1.46			1.289			1.352			1.456			1.598	0.1
3	1.507			3.722			3.959			4.322			2.181			1.812			3	1.316			1.348			1.183			1.267			1.394	0.1		1.478
4	1.485			3.005			2.625			3.881	0.05		2.801			1.69	0.25		4	1.354	0.23		1.336			1.213			1.473	0.25		1.385			1.473
5	1.51			2.448			2.31			2.905			1.105			1.633	0.15		5	1.498			1.316			1.195			1.336			2.12	0.5		1.458
6	1.772			2.216			2.169			2.534			2.103	0.15		1.57	0.05		6	0.498			1.248			1.299			1.349			1.669	0.1		1.474
7	1.479			2.07			2.035			2.431			1.925	0.1		1.661			7	1.867			1.254			1.25			1.277			1.496			1.479
8	1.482			1.934			1.86			3.738	1.2		2.759	0.45		1.91			8	1.171			1.135			1.191			1.326			1.416			1.51
9	1.69			1.999			3.621	0.7		4.411	0.1		2.497			1.874			9	1.175	0.04		1.064			1.178			1.249			1.761	0.65		1.411
10	1.723			2.762	0.5		3.208			4.138			1.982			1.747			10	1.488			1.095			1.152			1.228			2.698	0.9		1.369
11	1.676			3.244			2.56	0.1		3.384			2.456	0.45		1.765			11	1.32			1.128	0.1		1.134			1.246			2.189	0.1		1.265
12	1.734			2.634			2.453			3.904	0.65		4.289	1.15		1.626			12	1.304			1.395			1.157			1.244			1.901			1.322
13	1.695			2.274			2.195			4.257			4.544	0.4		1.483	0.1		13	1.203			1.259			1.164			1.219			1.698			1.355	0.35
14	1.645			2.054			2.047			4.281	0.2		4.416			1.537	0.25		14	1.265			1.253	0.02		1.209	0.2		1.28			1.553			1.544
15	1.67			1.962			2.331			4.276			4			1.771			15	1.285			1.25	0.01		1.262			1.188			1.895	0.4		1.77
16	1.581			1.986			2.303			3.799			3.201	0.15		1.521			16	1.242			1.314			1.158			1.192			1.899	T		1.515
17	1.534			1.948			2.142	0.05		2.928			2.691	0.1		1.399	0.25		17	1.283			1.299			1.15	0.05		1.202			1.781	0.1		1.496	0.1
18	1.482			1.723			1.933			2.666			2.454			1.549			18	1.46	0.4		1.266	0.35		1.225			1.5			1.615	0.1		2.395	0.7
19	1.4			1.938			1.912	0.15		2.491			2.2			1.494			19	1.659			2.528	0.8		2.002	1.35		1.6			1.589	0.1		4.143	0.65
20	1.537			3.347	0.25		2.383	0.1		2.249			2.085			1.511			20	1.544			1.521			2.366			1.501			1.648			3.504
21	1.481			2.683	0.3		2.005			2.539	0.25		1.916			1.499			21	1.392			1.385			1.683	0.7		1.07			1.83	0.6		3.428	0.2
22	1.392			2.473			1.793			2.182			1.858			1.741			22	1.686	0.95		1.948	0.6		1.408			1.201			2.883			2.07
23	1.42			2.254			1.825			1.996			1.763			1.689			23	2.679	0.05		1.893			1.317			1.182	0.05		2.533			1.842
24	1.813			2.031			1.991	1.75		2.002	0.15		1.673			1.59			24	1.622			1.629			1.358			1.207			2.618			1.794	0.65
25	1.536			2.475	0.25		2.093	1.25		1.971			2.219	0.4		1.556	0.3		25	1.464			1.432			1.307			2.461	0.85		2.511			1.634	0.1
26	1.567			3.222	0.2		2.856	1.25		1.709			1.964			1.474	0.3		26	1.481			1.296			1.389	1		1.716	0.1		2.152	0.2		1.746
27	1.522			2.574			3.694			2.954	1.1		1.984	0.35		1.498	0.03		27	2.327	0.85		1.279			3.239	0.55		1.49			2.106			1.716
28	1.433			2.446			3.966			3.848	0.1		3.894	0.4		1.556			28	1.605			1.348			1.884			1.39			1.921			1.611
29	2.333						4.677	0.7		2.826			3.295			1.474			29	1.838	0.27		1.249			1.633			2.088	0.45		2.4			1.687	0.35
30	3.513						4.511			2.254			3.959	0.55		1.498			30	1.718			1.219			1.394			1.638	0.1		2.134			3.864	0.35
31	4.149						4.333	0.15					2.541						31	1.489			1.153						1.489						4.024	0.2
SUM	53.886	0		71.789	1.6		83.302	6.66		94.817	4.3		81.982	4.9		49.002	1.68		SUM	46.193	2.79		42.678	1.88		42.544	3.85		43.321	1.8		57.676	3.85		60.849	3.75
AVG 	1.7383	0		2.5639	0.06		2.6872	0.21		3.1606	0.14		2.6446	0.16		1.6334	0.06		AVG 	1.4901	0.09		1.3767	0.06		1.4181	0.13		1.3975	0.06		1.9225	0.13		1.9629	0.12
MAX	4.149	0		4.393	0.5		4.677	1.75		4.411	1.2		4.544	1.15		2.001	0.3		MAX	2.679	0.95		2.528	0.8		3.239	1.35		2.461	0.85		2.883	0.9		4.143	0.7
MIN	1.392	0		1.723	0		1.793	0		1.709	0		1.105	0		1.399	0		MIN	0.498	0		1.064	0		1.134	0		1.07	0		1.385	0		1.265	0
Red cells indicates months where average flows were below 2.0 MGD																			Red cells indicates months where average flows were below 2.0 MGD
Orange cells indicates days where violations occurred due to high flow																			Orange cells indicates days where violations occurred due to high flow

### 2003
SHAWNEE II 2003 FLOW AND RAINFALL SUMMARY																			SHAWNEE II 2003 FLOW AND RAINFALL SUMMARY
DATE	JAN MGD	JAN PRECIP		FEB MGD	FEB PRECIP		MARCH MGD	MARCH PRECIP		APRIL MGD	APRIL PRECIP		MAY MGD	MAY PRECIP		JUNE MGD	JUNE PRECIP		DATE	JULY MGD	JULY PRECIP		AUG MGD	AUG PRECIP		SEPT MGD	SEPT PRECIP		OCT MGD	OCT PRECIP		NOV MGD	NOV PRECIP		DEC MGD	DEC PRECIP
1	3.941	0.2		1.356			1.961	0.2		2.286			2.581	1.25		1.983			1	3.266	0.25		2.354	2.3		3.682	1.75		1.864			2.203	0.1		3.332
2	3.386	0.3		1.573	0.03		2.168			2.065			2.611	0.1		1.954	0.75		2	3.814			4.386	1.75		4.015			1.679			1.955			2.451
3	2.457			3.158	0.3		1.841			1.951			2.227			3.572	0.15		3	2.991			4.293	0.65		3.808			2.267	0.4		1.917			2.311
4	2.211			3.164	0.1		2.634	0.2		4.393	2		2.57	1.25		2.436	0.1		4	3.389			4.397	0.05		3.31			2.376			1.692			2.312	0.45
5	2.29	0.3		2.014			4.055	0.3		3.944	0.05		4.337	0.1		2.11			5	4.259	0.2		4.124			2.451			1.632			1.735			3.876	0.65
6	2.174			1.651			3.57			4.12	0.6		4.021	0.1		1.874	0.05		6	4.172	1.45		3.067			2.231			1.618			1.704	0.1		3.431
7	2.095			1.582	0.1		2.474			4.252	0.3		2.821	0.25		1.811			7	4.636	0.75		2.989	0.5		2.106			1.562			1.658			2.925
8	2.846			1.5			3.587	0.15		4.083	0.05		2.83	1.75		1.804	0.1		8	4.671	0.8		3.157			1.967			1.61			1.739			3.163
9	3.249			1.475	0.1		4.288			3.749			4.888	0.25		1.71			9	4.73	0.45		2.456			1.821			1.5			1.756			3.746	0.2
10	2.44	0.1		1.421	0.1		3.829			3.378			4.779	1.5		1.635			10	4.583	0.15		2.09			1.799			1.52	0.15		1.654	0.1		3.868	0.3
11	2.225			1.38	0.1		3.745			2.735			4.406	0.15		1.66	0.3		11	4.614			2.924	0.7		1.772			1.498			2.164	0.45		3.826
12	1.907			1.371			4.116	0.2		2.468			4.327			3.571	0.6		12	3.675			3.728	0.15		1.64			1.496			2.802	0.25		3.424
13	1.743	0.05		1.291			4.356	0.4		2.302			4.062			3.644	0.55		13	2.543			2.98			1.644			1.448			2.708			2.721	0.2
14	1.71	0.05		1.423	0.35		4.075			2.195			3.606	0.5		3.596			14	2.197			2.148			1.663	0.25		3.41	1.1		2.004			2.631
15	1.591			1.348			4.14			2.115			4.226	0.2		2.588			15	2.101	0.05		2.06			1.8			3.682	0.05		2.045	0.05		2.461
16	1.879			1.358	0.5		4.305			2.049			3.854			2.228			16	1.927			1.851			1.589			2.662	0.1		2.111			3.306	0.35
17	1.634			1.238	0.1		4.003			1.962	0.03		3.098			3.134	0.45		17	1.783			1.604			1.548			1.953			1.883	0.1		3.28
18	1.538	0.05		1.266			3.91			2.037			2.76			2.459	0.05		18	1.72			1.618			1.49			1.79			3.058	0.65		2.599	0.05
19	1.439	0.05		1.329			3.923	0.5		1.802			2.549	0.25		2.118			19	1.659			1.634			1.557			1.708			3.582			2.414	0.1
20	1.853			1.419			4.084	0.45		1.945	0.2		2.594			1.863			20	1.7	0.4		1.5			1.455			1.911			2.562			2.335
21	1.37			1.482	0.25		4.324	0.15		1.965	0.05		2.534			1.839			21	4.258	1.55		1.583			1.479	0.1		1.652			2.612			2.318
22	1.461	0.02		3.993	0.9		4.153			1.786			2.066	0.1		1.729			22	4.2	0.1		1.557			2.395	0.6		1.725			2.098			2.836	0.9
23	1.363	0.05		3.675	0.35		3.47			1.633			2.04			1.645			23	3.101	0.1		1.431			1.721			1.609			1.975	0.5		3.369	0.5
24	1.371			2.519			2.831			1.638			1.906			1.522			24	2.335			1.519			2.791	0.7		1.295			3.482	0.1		3.332	0.1
25	1.441	0.1		1.997			3.344	0.25		1.832	0.2		1.712			1.611			25	2.121			1.503			2.132			1.6	0.6		2.521			3.444
26	1.438	0.12		1.883			3.081			1.816			1.746			2.608	0.65		26	1.888			2.662			2.55	1.5		2.425			2.624	0.45		2.961
27	1.469			1.721			2.545			1.67			1.863	0.15		2.076			27	2.991	0.7		2.761			2.772			2.193	0.1		4.185			2.787
28	1.301	0.35		1.686			2.992	0.5		1.632			1.763			1.989	0.3		28	2.61			1.989			2.598			2.029	0.2		4.06	0.25		2.75
29	1.345						3.892			1.588			1.709			1.744	0.1		29	2.052			2.074	0.2		2.278	0.1		1.829			4.354			3.542	0.6
30	1.292						2.68			1.502	0.1		2.079	0.95		1.715	0.07		30	1.888			2.115			2			1.717			3.85			3.689
31	1.263	0.1					2.437	0.2					2.918						31	1.708			2.338	1.1					1.845	0.2					3.6
SUM	59.722	1.84		51.273	3.28		106.813	3.5		72.893	3.58		91.483	8.85		66.228	4.22		SUM	93.582	6.95		76.892	7.4		66.064	5		59.105	2.9		74.693	3.1		95.04	4.4
AVG 	1.9265	0.13		1.8312	0.25		3.4456	0.29		2.4298	0.36		2.9511	0.55		2.2076	0.3		AVG 	3.0188	0.53		2.4804	0.82		2.2021	0.71		1.9066	0.32		2.4898	0.26		3.0658	0.37
MAX	3.941	0.35		3.993	0.9		4.356	0.5		4.393	2		4.888	1.75		3.644	0.75		MAX	4.73	1.55		4.397	2.3		4.015	1.75		3.682	1.1		4.354	0.65		3.876	0.9
MIN	1.263	0.02		1.238	0.03		1.841	0.15		1.502	0.03		1.709	0.1		1.522	0.05		MIN	1.659	0.05		1.431	0.05		1.455	0.1		1.295	0.05		1.654	0.05		2.311	0.05
Red cells indicates months where average flows were below 2.0 MGD																			Red cells indicates months where average flows were below 2.0 MGD
Orange cells indicates days where violations occurred due to high flow																			Orange cells indicates days where violations occurred due to high flow

### 2004
SHAWNEE II 2004 FLOW AND RAINFALL SUMMARY																			SHAWNEE II 2004 FLOW AND RAINFALL SUMMARY
DATE	JAN MGD	JAN PRECIP		FEB MGD	FEB PRECIP		MARCH MGD	MARCH PRECIP		APRIL MGD	APRIL PRECIP		MAY MGD	MAY PRECIP		JUNE MGD	JUNE PRECIP		DATE	JULY MGD	JULY PRECIP		AUG MGD	AUG PRECIP		SEPT MGD	SEPT PRECIP		OCT MGD	OCT PRECIP		NOV MGD	NOV PRECIP		DEC MGD	DEC PRECIP
1	3.54	0.15		1.281			1.868	0.5		2.3421	0.1		1.87	0.75		4.3522	0.25		1	1.3852			3.5677			2.2785			1.2941			0.8117			3.39	Trace
2	2.893	0.1		1.294	0.2		3.602			2.3251			2.27	0.2		3.8874			2	1.3101			2.48			1.1653			2.079			0.9026	0.6		3.71
3	2.833	1		1.408			3.79	0.2		2.1293			3.59			3.1807			3	1.2485			2.2689			1.3643			0.8967			3.7352	0.5		3.15
4	3.692	1.1		2.351			3.645	0.7		2.0566			2.41			1.9535			4	1.3913			1.5347			1.7532	0.35		0.7672			2.4243	0.75		2.35
5	3.896			1.483	0.45		3.988			1.8751			1.58			1.4588			5	1.4388			3.6559	1.25		1.8173			0.8191			3.8931			2.05
6	4.072			1.654	TRACE		4.081	TRACE		1.7556			1.44			1.3363			6	1.3873			2.8969			1.536			0.8321			2.6511			1.45	0.1
7	3.741			2.938			3.697			1.7869	0.2		1.56	1		1.1982			7	1.6262	0.12		1.7473			1.6057			0.8581			1.7051			2.15	0.75
8	3.323			1.941			2.503			1.7808			3.5254			0.9852			8	1.3571			1.1228			1.3204			0.8439			1.46	0.1		3.58	Trace
9	2.476			1.517			2.188			1.7841			2.7691			1.3791			9	1.272			1.3978			1.1799	TRACE		0.7216			1.1242			3.38	0.3
10	2.346			1.125			1.8217			1.7917			1.6729			1.5246	1.25		10	1.2295			1.2365			1.1271			0.7471			0.9334			3.42	Trace
11	2.129			1.1			2.0272			1.7755			1.8085			1.6366	0.15		11	1.3863			1.2417			0.9989			0.7532			0.9012			3.9	Trace
12	1.853			1.13			2.0092			1.6897	0.25		2.7948			3.6463	1		12	1.3852	0.12		1.1098			0.8482			0.8332	0.15		0.9607			3.72	Lt Sn
13	1.751			1.243			1.9758			1.9156	0.05		2.2088			4.4956	1.85		13	1.4466			0.8526			0.8278			0.8409			0.9725			2.63	.05  Sn		)
14	1.639			1.129			1.8948			1.8663			2.2025	0.75		4.2777	0.2		14	1.3527			0.8348			0.8425			1.0919	0.17		0.9499			2.63
15	1.406	0.05		1.037			1.976	0.35		1.6524			3.1761	0.65		4.3062			15	1.2576			0.8642			0.8878			1.0178	0.35		0.8941	0.25		2.19
16	1.492			1.413			1.8968	0.15		1.7036			2.6371			4.1459	0.1		16	1.2524			0.8489			0.8372			1.964	0.2		1.0184	0.1		2
17	1.412			1.393			2.25	0.05		1.5618			1.7175			3.8842			17	3.3063	2.25		0.821	0.1		0.8835			1.1821	0.1		1.3845	0.5		1.63
18	1.807			1.015			2.2227	0.25		1.6718			2.1384	0.2		3.376	0.15		18	2.8077			0.9277	0.9		0.8429			0.8514	0.6		2.403	0.6		1.96
19	1.851			1.318			3.2031			1.609			2.0124			2.5399			19	1.7041	0.1		1.8105	0.25		0.7767			2.9918	0.7		2.6453	0.4		1.53	.5 Sn
20	1.568			2.814	0.15		3.0267	0.4		1.624			1.836			2.1789			20	1.4703			2.5186	1.2		0.8078			1.6169	0.1		4.114	0.1		1.9
21	1.533			3.914			3.5906			1.6613	0.25		1.8159	2.1		1.7606	0.15		21	1.3097			4.4679			0.8455			1.1793	TRACE		3.8742			1.25
22	1.543			3.829			3.319			AE	0.75		3.6733			1.5752			22	3.7325	3.55		3.1135			0.8143			0.9184			2.6468			1.33
23	1.566	0.1		3.116			2.3817	0.1		AE			4.3558			1.7279			23	2.8314	0.25		1.5946			0.7846			0.9824	0.9		1.7111	0.25		1.56
24	1.694			3.229	TRACE		2.1067	0.05		AE	0.15		3.8182	0.05		1.1658	0.5		24	3.3217			1.6365			0.7759			2.5498			1.5564	1.25		1.76	.65 Sn
25	1.508			3.09			2.1336	TRACE		AE			2.7027			1.7784	0.25		25	5.5265			1.4251			0.8383			1.7479			3.635			1.42
26	1.359	0.65		2.286			2.0252	0.65		AE			2.0919			2.2741			26	2.4188			1.6797			0.8382			1.1464			4.1671			1.37
27	1.538	0.15		2.126			3.5989	0.1		AE			1.8332			1.5389	0.05		27	2.1428	0.6		1.5923	TRACE		0.1554			0.941	0.15		3.5746	0.25		1.41	Lt Sn
28	1.554			2.01			3.804			AE			1.7483			1.3155	0.2		28	3.0225			1.4083			0.233			1.1652			3.4574			1.58	0
29	1.398	0.15		1.773			3.069	0.05		1.406			1.5539			1.5359			29	1.9627			4.0381	2.6		0.2037	1.25		1.0007			2.8719	0.25		1.22
30	1.34						2.7307			1.3473	0.35		1.3619	2.7		1.43			30	1.9783			3.5772	0.1		0.1701	0.15		1.4073	0.1		2.896	0.5		2.14
31	1.365						2.336	0.05					2.6577						31	2.4106	0.9		2.9764						1.2775	0.1					3.57
SUM	66.118	3.45		55.957	0.8		47.4272	3.6		41.1116	2.1		72.8323	8.4		71.8456	6.1		SUM	61.6727	7.89		61.2479	6.4		29.36	1.75		37.318	3.62		66.2748	6.4		71.6	2.05
AVG 	2.1328	0.38		1.9296	0.27		2.6348	0.26		1.78746086956522	0.2625		2.34942903225806	0.933333333333333		2.39485333333333	0.469230769230769		AVG 	1.98944193548387	0.98625		1.97573870967742	0.914285714285714		0.978666666666667	0.583333333333333		1.2038064516129	0.301666666666667		2.20916	0.426666666666667		2.31	0.29
MAX	4.072	1.1		3.914	0.45		4.081	0.7		2.3421	0.75		4.3558	2.7		4.4956	1.85		MAX	5.5265	3.55		4.4679	2.6		2.2785	1.25		2.9918	0.9		4.1671	1.25		3.9	0.75
MIN	1.34	0.05		1.015	0.15		1.822	0.05		1.3473	0.05		1.3619	0.05		0.9852	0.05		MIN	1.2295	0.1		0.821	0.1		0.1554	0.15		0.7216	0.1		0.8117	0.1		1.22	0.05
Blue cell indicates day when new flow meter was put into service
Red cells indicates months where average flows were below 2.0 MGD																			Red cells indicates months where average flows were below 2.0 MGD
Orange cells indicates days where violations occurred due to high flow																			Orange cells indicates days where violations occurred due to high flow

### 2005
SHAWNEE ll FLOW AND RAINFALL SUMMARY 2005																			 SHAWNEE ll FLOW AND RAINFALL SUMMARY 2005
DATE	JAN MGD	JAN PRECIP		FEB MGD	FEB PRECIP		MARCH MGD	MARCH PRECIP		APRIL MGD	APRIL PRECIP		MAY MGD	MAY PRECIP		JUNE MGD	JUNE PRECIP		DATE	JULY MGD	JULY PRECIP		AUG MGD	AUG PRECIP		SEPT MGD	SEPT PRECIP		OCT MGD	OCT PRECIP		NOV MGD	NOV PRECIP		DEC MGD	DEC PRECIP
1	4.4135			1.8041			2.1698	0.4		2.0384			2.9734			1.3477			1	2.2915	0.2		1.1838			3.2493	TRACE		1.8745			1.3492	0.35		3.0844
2	3.9378	0.25		1.5635			2.3225	TRACE		2.411	0.5		2.4921			1.3187			2	1.6671			1.2846			2.148			1.5866			2.0158			2.3291
3	3.4852	1.2		1.6683			1.9982			3.738	0.2		2.1115			1.349			3	1.4282			1.2033			1.6426			1.4464			1.4163			2.1702
4	4.1127	0.1		1.6271			2.0445			3.0706			1.9945			1.3806			4	1.315			1.1806			2.2197			1.4599			1.602			2.0174
5	4.2019	2.35		1.8971			3.3475			3.0991			1.9806			1.3651			5	1.3065			1.1551			2.7405			1.3725	1.3725		1.8368			1.8173
6	4.1756			2.2456			2.2971	0.4		2.1841			1.8602			1.4636	0.25		6	1.2918			1.3276			2.2972			1.2981	1.2981		1.7581	0.2		1.7678
7	4.3358			3.4689			2.1611			2.0822	TRACE		1.5029	0.15		1.3436			7	1.1286			1.1227			2.2577			1.4115			1.6113			1.6396
8	3.9958			3.5866	0.75		2.2592			2.7613	0.25		1.9236			1.301			8	1.2434			1.021			1.7109			1.6682			1.3049			1.5349
9	3.7922	0.24		3.7168	0.25		2.662			2.3612			1.7793			1.3219			9	1.2434			1.1649			1.7565	0.35		0.8679			2.0725	0.6		1.9024	0.35
10	3.757	0.1		3.7531			2.1523	0.3		2.1672			1.7334			1.3522			10	1.1345			1.1263			1.7843			0.8622			2.2039			1.5521
11	3.9335	1.85		3.4137			2.079	1.25		1.8903			1.7392			1.3872	TRACE		11	1.1791			1.151			1.7086			2.1044	TRACE		1.7511			2.1264	TRACE
12	4.1157	0.1		3.3866			2.1863			1.9874			1.8082			1.2969	TRACE		12	1.1668			1.5201			1.5727			1.1056	0.1		1.5978			2.1865
13	4.2024	0.75		2.7161			2.4186			1.7745			1.6584	TRACE		1.6811	0.7		13	1.2043			1.7266	0.1		1.9241			1.2083			1.4002	0.1		2.13
14	4.3997	0.3		2.8294	0.25		2.1198			1.7293			1.6794	TRACE		1.814	0.1		14	1.3556	0.6		1.4953	1.8		1.5262			1.1956	0.2		1.3642			1.4758
15	3.9836	0.1		3.2379	0.5		1.9508			3.4127			2.3225	0.25		1.5369			15	1.404			1.5692	0.1		1.4419	0.1		1.3668			1.6726	0.6		2.1508	0.45
16	3.8497			3.3423	TRACE		1.9673			1.7618			1.8344			1.3693			16	1.2882	0.25		1.6836	0.1		2.2379	1.45		1.5698			3.5644	1.25		1.7351	0.65
17	3.5905			3.3852			1.9914			1.6182			1.6417			1.3086			17	1.4095	0.1		1.2696			2.9254			1.1627			3.4379	0.1		1.969
18	2.9162			3.2948	0.1		1.8048			1.5991			1.5892			0.9392			18	1.2755	0.1		1.5232			1.4734			1.1856			2.5168			1.7852
19	2.3811	0.15		3.1544			1.8906	0.3		1.7215			1.6292			1.1701			19	2.181	1.35		1.3252			1.4622			2.6429			2.1471			1.8669
20	2.4454	0.18		2.545	0.15		2.4059			1.0224			2.6133	0.75		1.1107			20	1.7629			1.4858			1.5335	0.15		1.2611			1.8134			2.2466
21	2.2034	2.75		3.321			2.1657			2.0032	0.75		2.0767			1.0844			21	1.4131			2.0572			1.3057			1.3402	0.25		1.9865			1.4587
22	1.9015	0.75		2.7871			2.0366			2.2183	0.25		1.7088			1.1277	0.1		22	2.1304	1.2		1.6924			1.2701			1.4436	0.3		1.6228			1.5838
23	1.9074			3.0745			2.2548	0.3		3.5566	1.25		1.9188			1.1298			23	2.0572			1.8845			1.4227	0.4		1.3038	0.1		1.5375			1.1655
24	1.3079			2.4062			2.9718			3.9611	0.75		1.6589	0.2		1.1155			24	1.4416			1.1719			1.8651	0.15		2.3832	1.85		1.7396	0.1		1.6015
25	1.6625			2.4095			1.4269			4.0021	0.4		1.5834			1.172	0.1		25	1.3073			2.0642			3.1668			3.6859	0.65		1.667			2.2234	0.3
26	1.9152			2.11			3.1436	0.3		3.8905			1.5528			1.1529			26	1.6255	0.3		2.1662			2.9805	3.1		3.3101	0.1		1.5182			3.9099	0.5
27	1.8952			1.7307			3.1436			3.7729	0.65		1.5574			1.2549			27	2.321	0.8		1.8697			3.8647	0.15		2.2646			1.4015	0.25		3.8185
28	1.6172			2.027			3.0555	TRACE		3.7722	0.15		1.574			1.2671	0.1		28	2.701			1.7301			2.6728			1.8637			1.6777	0.1		3.8294
29	1.6172	0.25					2.6188			3.642	0.1		1.4816			2.2468	0.75		29	1.6722			1.4859			2.4495	0.45		1.6705			2.8892	1.6		4.5808	0.9
30	1.6172						2.3004			3.1628	0.15		1.421			1.6537	0.1		30	1.6448			2.143			2.6343	TRACE		1.6721			3.3228	TRACE		3.3586
31	1.617						2.1789						1.3437						31	1.3052			3.5028	3.5					1.3492						3.7103	0.25
SUM	95.287	11.42		76.5025	2		71.5253	3.25		78.412	5.4		56.7441	1.35		40.3622	2.2		SUM	47.8962	4.9		48.2874	5.6		63.2448	6.3		50.9375	6.2206		57.7991	5.25		70.7279	3.4
AVG 	3.07377419354839	0.71375		2.73223214285714	0.333333333333333		2.30726774193548	0.464285714285714		2.61373333333333	0.45		1.83045483870968	0.3375		1.34540666666667	0.275		AVG 	1.54503870967742	0.544444444444445		1.55765806451613	1.12		2.10816	0.7		1.64314516129032	0.62206		1.92663666666667	0.477272727272727		2.28154516129032	0.485714285714286
MAX	4.4135	2.75		3.7531	0.75		3.3475	1.25		4.0021	1.25		2.9734	0.75		2.2468	0.75		MAX	2.701	1.35		3.5028	3.5		3.8647	3.1		3.6859	1.85		3.5644	1.6		4.5808	0.9
MIN	1.3079	0.1		1.5635	0.1		1.4269	0.3		1.0224	0.1		1.3437	0.15		0.9392	0.1		MIN	1.1286	0.1		1.021	0.1		1.2701	0.1		0.8622	0.1		1.3049	0.1		1.1655	0.25
Blue cell indicates day when new flow meter was put into service
Red cells indicates months where average flows were below 2.0 MGD																			Red cells indicates months where average flows were below 2.0 MGD
Orange cells indicates days where violations occurred due to high flow																			Orange cells indicates days where violations occurred due to high flow

### 2006
SHAWNEE ll FLOW AND RAINFALL SUMMARY 2006																			 SHAWNEE ll FLOW AND RAINFALL SUMMARY 2006
DATE	JAN MGD	JAN PRECIP		FEB MGD	FEB PRECIP		MARCH MGD	MARCH PRECIP		APRIL MGD	APRIL PRECIP		MAY MGD	MAY PRECIP		JUNE MGD	JUNE PRECIP		DATE	JULY MGD	JULY PRECIP		AUG MGD	AUG PRECIP		SEPT MGD	SEPT PRECIP		OCT MGD	OCT PRECIP		NOV MGD	NOV PRECIP		DEC MGD	DEC PRECIP
1	3.7114			1.6906			1.2236			2.1005	0.25		1.742	0.4		1.6031			1	1.7819			1.4205			2.7247	0.25		2.343	0.4		2.7706	0.4		3.2925	3.35
2	3.8207	1.4		2.0841			1.5221			1.8801			1.7659	0.15		2.0015	2.5		2	1.5877			1.3074			1.4505			1.7534			2.2513			4.0204	0.1
3	3.9578	0.2		2.9822	0.85		1.7142			2.6137	0.35		2.8738	0.35		3.5021	0.15		3	1.4413	0.2		1.3449			1.3978	0.1		1.988	0.35		1.7835			3.8285
4	3.6205	0.1		3.0635	0.2		1.8146			2.3736	0.1		1.9219	0.3		3.1854			4	1.8763	0.45		1.2821			1.3173			1.7184			1.913			3.3394
5	3.6126			3.044			1.5269			2.1848			1.7271			2.3405			5	1.9662			1.3327			1.3022			1.5563	0.15		1.6036			2.6984
6	3.3393			3.0312	0.75		1.3307	0.1		3.5519			1.6798			2.022			6	1.767			1.2654			1.2767			1.4591			1.51			2.4111
7	2.9612	TRACE		2.9406			1.7526	0.15		3.9928	0.25		1.654			1.8257			7	1.5535			1.248			1.2472			1.3			1.5741			2.2232	TRACE
8	2.9765			2.9312			1.4085	TRACE		2.8199	0.2		1.4165			2.6753	0.2		8	2.024			1.2663			1.1835			1.2529			2.8117	0.5		2.0503
9	1.6032			2.5066			1.7697	0.15		2.3191			1.5723			2.4011			9	1.8145			1.2121			1.211			1.2984			2.0025			2.0915
10	2.1963			2.36			2.6087	0.7		1.9289			1.5205			1.8528			10	1.333			1.2034			1.2149			1.2708			1.748			1.998
11	1.455	0.25		2.3274			3.5988			1.7774			2.0446	0.85		2.0229	0.2		11	1.3126			0.994			1.0739			1.2053			1.6641			1.7398
12	2.2169	0.1		2.3769			3.489	0.65		1.7146			2.8372	0.5		1.8001			12	1.8804	0.4		0.9103			1.2306			1.5902	0.4		1.9105	0.2		1.6481
13	1.92	0.3		2.2308			3.3512	0.2		1.6657			3.0073	0.25		1.678			13	2.3889	0.6		0.5623			3.3879	2.3		1.2688	0.1		2.0416	0.1		2.2898	0.45
14	3.5238	TRACE		2.1622			3.8548	0.15		1.864	0.35		3.2329	0.35		1.5127			14	2.9872			0.6011			2.5873	0.1		1.2499			1.4435			2.3888
15	2.9806			2.559			3.265			2.4864	0.25		3.1679	0.35		1.5776			15	1.9813			1.3149	0.35		1.8771			1.2842			1.2574	0.01		1.8987
16	2.2499			2.6634	0.25		2.5431	0.1		2.2952			3.1613	0.3		1.4379			16	1.8165			1.2204			1.4772			1.2867			2.5887	1		2.2315
17	2.5208	0.25		2.9818	0.5		2.3957			2.2016	0.5		3.203	0.5		1.44			17	1.5347			1.1922			1.4639			2.1007	2.6		3.6917	0.4		1.7054
18	3.3902	0.6		3.3097			2.3001			2.8155			3.0896	0.6		1.3432			18	1.4641	0.1		1.2284			1.5686			3.9694	0.1		3.5384			2.208	0.35
19	3.4564			3.1252			2.0526			2.2171			3.3598	0.35		2.11	0.65		19	1.4878	0.1		1.1981	0.45		2.6486	0.7		2.9753			2.5982			2.692
20	3.3376			2.2522			1.5736			1.6387			3.1818			3.2199	0.4		20	1.5818			1.5433			2.1023			2.8223	0.35		2.2219			2.1574
21	3.3484	0.15		2.3216			1.8777			1.6685			2.7185			2.4509	0.6		21	1.8154	0.5		1.3539			1.4897			3.0684			2.0013			2.0911	0.25
22	2.8305			2.04			1.717			1.6477			2.301			3.3234	0.1		22	1.9052	0.5		1.2058			1.4331			2.1079	0.05		1.6531			3.3367	0.35
23	1.893			1.9035			1.6303			1.5534			2.0025			2.3969	0.2		23	2.2514			2.4653			1.1063			1.7735	0.1		1.7049			3.939	0.1
24	2.0448			1.8209			1.5768			1.6404			1.8102			2.0697			24	3.2439			1.394			1.2887	0.1		1.7285			1.7102			2.9988
25	2.0984			1.7254			1.5317	0.15		1.4363			1.7793	0.15		2.0154			25	1.1502			0.9544			1.3887	0.1		3.2938			1.6405			3.0336	TRACE
26	2.2832			1.3023			1.7034	0.1		2.0013	0.35		2.4209	0.65		1.4512			26	1.3437			0.908			1.5263			1.477			1.6359			2.5513	0.75
27	2.1001			1.6445			1.6828			1.6786			3.139			1.1073			27	1.5352	0.25		1.6514	0.95		1.1237			1.7759	0.6		1.6336			3.3389
28	1.9491			1.8203			1.1428	0.15		1.5748			2.227			1.5107			28	2.0744	0.45		3.8914			1.6901	0.4		3.6904	1.1		0.9044			3.2776
29	1.5164	0.1					2.0979	0.18		1.5368			1.8001			1.3216			29	2.214			3.2777	0.65		1.5515			3.5661	0.1		0.8575			3.0415
30	1.8769	0.25					1.899			1.5071			1.7713			1.2338			30	1.6034			2.5	0.1		1.3083	0.15		2.2624			0.7815			3.105
31	1.8198						1.8528						1.6548						31	1.4807			2.5	0.01					2.1744	0.1					2.4125	0.15
SUM	82.6113	3.7		67.2011	2.55		63.8077	2.78		62.6864	2.6		71.7838	6.05		60.4327	5		SUM	56.1982	3.55		45.7497	2.51		47.6496	4.2		62.6114	6.5		57.4472	2.61		82.0388	5.85
AVG 	2.66488064516129	0.336363636363636		2.40003928571429	0.51		2.05831290322581	0.231666666666667		2.08954666666667	0.288888888888889		2.3156064516129	0.403333333333333		2.01442333333333	0.555555555555556		AVG 	1.81284516129032	0.355		1.47579677419355	0.418333333333333		1.58832	0.466666666666667		2.01972258064516	0.464285714285714		1.91490666666667	0.372857142857143		2.64641290322581	0.65
MAX	3.9578	1.4		3.3097	0.85		3.8548	0.7		3.9928	0.5		3.3598	0.85		3.5021	2.5		MAX	3.2439	0.6		3.8914	0.95		3.3879	2.3		3.9694	2.6		3.6917	1		4.0204	3.35
MIN	1.455	0.1		1.3023	0.2		1.1428	0.1		1.4363	0.1		1.4165	0.15		1.1073	0.1		MIN	1.1502	0.1		0.5623	0.01		1.0739	0.1		1.2053	0.05		0.7815	0.01		1.6481	0.1
Blue cell indicates day when new flow meter was put into service
Red cells indicates months where average flows were below 2.0 MGD																			Red cells indicates months where average flows were below 2.0 MGD
Orange cells indicates days where violations occurred due to high flow																			Orange cells indicates days where violations occurred due to high flow

### 2007
SHAWNEE ll FLOW AND RAINFALL SUMMARY 2007																			 SHAWNEE ll FLOW AND RAINFALL SUMMARY 2007
DATE	JAN MGD	JAN PRECIP		FEB MGD	FEB PRECIP		MARCH MGD	MARCH PRECIP		APRIL MGD	APRIL PRECIP		MAY MGD	MAY PRECIP		JUNE MGD	JUNE PRECIP		DATE	JULY MGD	JULY PRECIP		AUG MGD	AUG PRECIP		SEPT MGD	SEPT PRECIP		OCT MGD	OCT PRECIP		NOV MGD	NOV PRECIP		DEC MGD	DEC PRECIP
1	3.4829	0.65		2.109			3.103	0.3		3.7626	0.5		2.6104			1.3316			1	1.2361			1.029			1.3844			1.0442			1.1532			1.263
2	2.6773	0.1		1.9113	0.25		3.7141	1.25		3.0174			2.3968	0.15		1.5191			2	1.2866			1.1443			1.3682			1.5948			1.1072			1.839	0.35
3	2.7996			2.1589	TRACE		3.7239			3.041			2.2566			1.3701			3	1.1905			1.2346			1.3108			1.27	0.2		1.1188			3.1798	0.5
4	2.9235			1.7799			3.5725	TRACE		2.8045	0.6		2.1246			1.4899	1.1		4	1.1733			1.2259			1.3914			1.4359			1.0551			3.0737
5	2.9239	0.15		1.7508			3.4775			2.4639	0.15		2.0346			1.6372	0.25		5	1.234			1.4943	1.4		1.3243			1.1404			1.2063			2.322	0.25
6	3.8171	2		1.7496			3.1223			2.0816			1.8282			1.332			6	1.3669	0.1		2.792	0.6		1.3703			1.1246			1.1172			2.2338
7	4.1808	0.1		1.8622	0.15		2.6107			2.2806	TRACE		1.9136			1.0792			7	0.8552			1.6995	0.05		1.1987			1.3201			1.2689			1.9438
8	4.0647	0.25		1.8142			2.5462			2.3028			1.7159			1.4829			8	0.7494			1.4677			1.5203	0.3		1.2422			0.9143			1.7503
9	3.7765	0.15		1.6348			2.2167			1.8706			1.6788			1.5079			9	0.762			1.6868			3.1255	3.2		1.1782			1.4896			2.0259	TRACE
10	3.4203			1.8318			2.1518			2.1209			1.8937	0.25		1.2646			10	1.0584			2.1688	0.75		3.3411			1.1684			1.092			3.2018	0.45
11	2.9746			1.4318			2.5123			2.0274	0.4		1.7419			1.078	0.2		11	1.2346			1.6943	0.05		3.0134			1.1467	0.1		0.9504	0.15		3.1329	0.1
12	2.2569			1.6328			2.2541			3.3981	0.8		1.5662			1.3799			12	1.1954			1.3679			2.6575			1.1824	0.01		2.089	0.55		3.0391	1.35
13	3.1848	1.65		1.4185	6		2.2345			3.4783	0.1		1.5696			1.1421			13	1.2862	0.05		1.3025			1.958			0.9171			2.1748	0.65		3.8739	0.5
14	4.0364	0.35		1.516			2.116	0.3		3.1332			1.4943			1.2804			14	0.9944			1.0082			1.6942			1.0206			2.2402	0.1		3.9073	0.1
15	3.9653	1.6		1.4442			3.808	1.95		3.4777	0.5		1.5655			1.2058			15	1.1096			1.0342			1.5518			1.1909			1.6185			3.492
16	4.0872	0.25		1.3889			4.0854			2.7401			1.3151	0.1		1.2126			16	1.0828			1.1974	0.3		1.5899			1.1805			1.5471	0.1		3.1825	0.6
17	3.5909			1.4617	TRACE		3.81			3.7399			1.5756	0.25		1.1509			17	1.7578			1.5631			1.4282			1.3317	0.2		1.1476			3.0333	0.5
18	3.5152			1.3513	1.1		3.8363			2.2796			1.4803			1.243			18	1.2776			1.2315			1.4822			1.015	0.15		1.2766			2.915
19	3.2488	0.05		1.3032			2.84	0.2		2.2851			1.3378			1.1869			19	1.4164			2.4567	0.1		1.225			1.2558	0.1		1.361			2.8892
20	2.8156			1.3371			3.8639	0.35		2.1113			1.553			1.2871			20	1.9435			2.1604	0.95		1.3816			1.1657			0.9527			3.2268
21	3.0849			1.7821	0.1		3.3296	0.1		1.708			1.5244			1.2536			21	1.5456			3.4276	4.8		1.309			1.1396			1.1761			3.1378
22	2.503	0.25		2.0493			3.3444			1.9946			1.4744			1.2391			22	1.279			4.2969	1.1		1.181			1.2195			2.7732	1.85		3.461
23	2.7218			1.9567			3.4987	0.75		1.615			1.375			1.2566			23	1.2527			3.7906	0.1		1.1608			2.2811	1.2		3.2144			3.5103	0.45
24	2.2218			1.8396			4.1917	0.85		1.8928			1.4916			1.2276			24	1.2771			3.5695			0.2332			2.5119	0.1		2.2775			3.6888
25	2.344	0.5		2.6435			3.9481			1.7114	0.25		1.2568			1.3771			25	1.1184			2.5438	0.2		1.4518			1.4748			1.9294			3.2816
26	2.231			3.3581			3.4809			3.7109	1.2		1.4046			1.2257			26	1.2055			2.2063			0.9455			1.322			2.3053	0.5		2.7129
27	2.2609			3.415056			3.724			4.03	1.45		1.559			1.2486			27	1.2831			1.9643			1.4095	0.3		1.2278	0.2		3.3943	0.6		2.5567	0.1
28	2.364			2.879015			3.1963			3.7542	0.1		1.2081			1.1856			28	1.277			1.659			1.1612			1.1997			2.8421			2.5736	0.1
29	2.2229						3.267			3.6447			1.343			1.9612	0.75		29	1.1727			1.5165			1.2634			1.253			2.2813			3.2332	0.2
30	2.0878	0.5					2.9177			3.0727			1.3657			1.3459			30	1.3194			1.4857			1.1072			1.26			1.9346			2.9371
31	2.1286						2.937						1.3831						31	1.1666			1.7745						1.1204						2.5072
SUM	93.913	8.55		52.811371	7.6		99.4346	6.05		81.5509	6.05		51.0382	0.75		39.5022	2.3		SUM	38.1078	0.15		59.1938	10.4		46.5394	3.8		39.935	2.26		51.0087	4.5		89.1253	5.55
AVG 	3.02945161290323	0.57		1.88612039285714	1.52		3.20756774193548	0.672222222222222		2.71836333333333	0.55		1.6463935483871	0.1875		1.31674	0.575		AVG 	1.22928387096774	0.075		1.90947741935484	0.866666666666667		1.55131333333333	1.26666666666667		1.28822580645161	0.251111111111111		1.70029	0.5625		2.87500967741935	0.396428571428571
MAX	4.1808	2		3.415056	6		4.1917	1.95		4.03	1.45		2.6104	0.25		1.9612	1.1		MAX	1.9435	0.1		4.2969	4.8		3.3411	3.2		2.5119	1.2		3.3943	1.85		3.9073	1.35
MIN	2.0878	0.05		1.3032	0.1		2.116	0.1		1.615	0.1		1.2081	0.1		1.078	0.2		MIN	0.7494	0.05		1.0082	0.05		0.2332	0.3		0.9171	0.01		0.9143	0.1		1.263	0.1
Blue cell indicates day when new flow meter was put into service
Red cells indicates months where average flows were below 2.0 MGD																			Red cells indicates months where average flows were below 2.0 MGD
Orange cells indicates days where violations occurred due to high flow																			Orange cells indicates days where violations occurred due to high flow

### 2008
SHAWNEE ll FLOW AND RAINFALL SUMMARY 2008																			 SHAWNEE ll FLOW AND RAINFALL SUMMARY 2008
DATE	JAN MGD	JAN PRECIP		FEB MGD	FEB PRECIP		MARCH MGD	MARCH PRECIP		APRIL MGD	APRIL PRECIP		MAY MGD	MAY PRECIP		JUNE MGD	JUNE PRECIP		DATE	JULY MGD	JULY PRECIP		AUG MGD	AUG PRECIP		SEPT MGD	SEPT PRECIP		OCT MGD	OCT PRECIP		NOV MGD	NOV PRECIP		DEC MGD	DEC PRECIP
1	2.7561	0.15		1.8565			2.8723			3.0968	0.4		2.2356			2.2938			1	1.9276			0.9801			0.8727			0.751			1.036			0.8426
2	2.437	0.25		2.2721	0.4		3.1651			3.2093			2.034			1.4711			2	1.4671			1.1385			0.8037			1.1491			1.1635			1.2977
3	2.1382			1.9972			3.2337			3.0954			2.9404			2.0024	0.95		3	1.3708			1.0617			0.9266			0.8741			0.9944			1.0759
4	2.0411			2.7125	0.35		3.7365	0.9		3.0327	0.5		3.0897	0.1		3.1798	0.45		4	3.7251	0.8		1.2792	0.2		0.8317			0.9775			0.7333			1.1553
5	1.9104			3.747	1.1		3.9395	0.9		3.281	0.25		2.4574	1		3.3569	0.1		5	3.1145			1.5694	0.65		0.9859	0.05		0.9045			1.0453			1.0694
6	3.0714	TRACE		3.945	1.8		3.6139			3.1982			2.2814			2.2822			6	2.283			1.5879	0.1		0.8895	0.1		0.902			0.9916			1.0253
7	3.1816			4.3476	0.65		3.509			3.0863			2.0329			1.7953			7	1.56			1.2454			1.5386			0.8142			0.845			1.1795
8	2.8429			4.0025			3.4809			2.9429			2.361	0.9		1.3388			8	1.6223			1.3279			1.2456			1.0004	0.5		0.8626			2.0155
9	3.488	2.2		3.4674	0.1		3.0812			2.2855	0.1		3.4995	0.55		1.2338			9	2.2988	0.7		1.2377			1.0732	0.25		1.4078			1.0002			0.9987
10	3.5989			3.9674	0.15		2.771			2.3963			3.4732	0.15		2.1765	0.85		10	2.9463			1.0553			1.1257			1.0872			1.3563			3.037
11	3.7034			3.3211			3.202	0.1		2.7329	0.85		3.2018	0.3		2.734			11	1.4976			1.1959			1.082			0.9782			1.0021			2.6849
12	3.4438			2.9229	0.15		3.0572			3.5624			3.3706	0.65		1.7325			12	1.2774			1.0016			0.8968	0.2		1.2261			1.1131			1.9866
13	2.9663			2.6407	0.3		3.2546			2.9844	0.15		3.222			1.2803			13	1.4861	0.5		1.037			0.8462	0.4		1.0325			1.6999			1.5311
14	2.6034	0.05		2.3908			3.2545	0.25		3.0449	0.15		3.1614			3.2255	0.85		14	1.7612			0.9695			0.8838			0.8272			1.4731			1.4616
15	2.4899	0.1		2.2658			3.628			2.9739			3.1372	0.3		2.6981			15	1.5299			0.9983			0.938			0.9877			1.8368			1.9069	0.35
16	2.3315	0.05		2.0849			3.3279			2.5535			3.1329	0.35		2.1451	0.15		16	1.4471			0.9928			0.7643			1.4188	0.5		3.463			1.9407	0.1
17	2.1919	0.15		2.5625	0.35		3.0507			2.4307			3.1989			1.8098			17	1.3194			1.0474			0.6859			1.2498			2.0472			1.7109
18	2.4593			3.3135	0.3		3.2944	0.3		1.9748			3.1035	0.35		1.8002			18	1.1158			0.9977			0.6992			1.0136			1.5904			1.3832
19	2.486			3.263	0.1		3.3812	1.35		1.8518			2.7735			1.431			19	1.0114			0.9605			0.9289			1.0538			1.4143			1.5939	1.25
20	2.1981			3.0372	0.5		3.5395	0.4		2.1924			2.4741			1.9914			20	1.398	0.15		1.1961			0.7648			0.8612			1.1332			3.0799	0.75
21	2.0092			2.6708	0.15		3.4653			1.9333	0.05		2.1238			1.5308			21	1.4758			1.2662			0.7403			0.9755			1.1078			2.7144
22	1.8568	0.05		2.5642	0.25		3.3896	0.1		1.6426			2.0074			2.045	0.5		22	1.2989	0.15		1.2623			0.8885			1.0429			0.744			2.06
23	1.8334			2.3707			3.2058	0.1		1.6463			1.7295			1.7935			23	1.287			0.9684			0.9784			0.9675			1.0742			1.8909
24	1.4613	0.05		2.2625			2.9834			1.8283			1.5975			1.2497			24	1.4266			0.9235			0.9965			0.8812			1.2506	0.1		2.2637	0.3
25	1.7194			2.3384			3.2548			1.9923	0.85		1.386			1.4953			25	1.4376			1.0976			1.009			1.8635	0.65		1.2804	0.1		2.8951	0.25
26	1.6706	0.5		2.2857	0.55		2.0152			3.1039	0.1		1.2555			2.6068	1.35		26	1.2233			1.1706			0.917			1.2214			1.3748			2.4905
27	1.6082			2.3374	0.15		2.8502			2.0745			1.4547			3.696	0.55		27	1.2236			0.8539			1.2786			0.9655			1.1924			2.9534	0.3
28	1.5081			2.2172			2.0819	1.2		2.042			1.3161			3.3921	0.35		28	1.3516			0.9598			1.1651			1.2113	0.1		1.3245			2.9669	0.25
29	1.6495			2.1139	0.1		3.4137			2.7878	0.65		1.2813			2.5782	0.15		29	1.4066			1.0531			0.9251			1.2197			1.6223			2.7949
30	2.322	0.4					3.3391			2.6065			1.4835			1.7718			30	1.1768			0.7309			1.17	0.25		2.7871			0.9877			2.5914
31	2.292						3.2496	0.1					1.9338	1.1					31	1.3512			0.7963						1.2118						2.1348
SUM	74.2697	3.95		81.2784	7.45		99.6417	5.7		77.5836	4.05		74.7501	5.75		64.1377	6.25		SUM	50.8184	2.3		33.9625	0.95		28.8516	1.25		34.8641	1.75		38.76	0.2		60.7326	3.55
AVG 	2.39579677419355	0.359090909090909		2.80270344827586	0.413888888888889		3.21424838709677	0.518181818181818		2.58612	0.368181818181818		2.41	0.522727272727273		2.14	0.568181818181818		AVG 	1.63930322580645	0.46		1.09556451612903	0.316666666666667		0.96172	0.208333333333333		1.12464838709677	0.4375		1.292	0.1		1.95911612903226	0.44375
MAX	3.7034	2.2		4.3476	1.8		3.9395	1.35		3.5624	0.85		3.4995	1.1		3.696	1.35		MAX	3.7251	0.8		1.5879	0.65		1.5386	0.4		2.7871	0.65		3.463	0.1		3.0799	1.25
MIN	1.4613	0.05		1.8565	0.1		2.0152	0.1		1.6426	0.05		1.2555	0.1		1.2338	0.1		MIN	1.0114	0.15		0.7309	0.1		0.6859	0.05		0.751	0.1		0.7333	0.1		0.8426	0.1
Blue cell indicates day when new flow meter was put into service
Red cells indicates months where average flows were below 2.0 MGD																			Red cells indicates months where average flows were below 2.0 MGD
Orange cells indicates days where violations occurred due to high flow																			Orange cells indicates days where violations occurred due to high flow
