### Early1%
	Early Lutz
	Amortization Schedule - level principal payment 					25
		93		Annual	Monthly 	Quarterly
				284.94623655914	23.7455197132616	71.2365591397849
			rate	0.01
			balance	583700
			payment	26500
	#	Date	Payment $	Interest	Princp	Balance
	1	2003-07-01	26500	5837	20663	563037
	2	2004-07-01	26500	5630.37	20869.63	542167.37
	3	2005-07-02	26500	5421.6737	21078.3263	521089.0437
	4	2006-07-03	26500	5210.890437	21289.109563	499799.934137
	5	2007-07-04	26500	4997.99934137	21502.00065863	478297.93347837
	6	2008-07-04	26500	4782.9793347837	21717.0206652163	456580.912813154
	7	2009-07-05	26500	4565.80912813154	21934.1908718685	434646.721941285
	8	2010-07-06	26500	4346.46721941285	22153.5327805872	412493.189160698
	9	2011-07-07	26500	4124.93189160698	22375.068108393	390118.121052305
	10	2012-07-07	26500	3901.18121052305	22598.818789477	367519.302262828
	11	2013-07-08	26500	3675.19302262828	22824.8069773717	344694.495285456
	12	2014-07-09	26500	3446.94495285456	23053.0550471454	321641.440238311
	13	2015-07-10	26500	3216.41440238311	23283.5855976169	298357.854640694
	14	2016-07-10	26500	2983.57854640694	23516.4214535931	274841.433187101
	15	2017-07-11	26500	2748.41433187101	23751.585668129	251089.847518972
	16	2018-07-12	26500	2510.89847518972	23989.1015248103	227100.745994162
	17	2019-07-13	26500	2271.00745994162	24228.9925400584	202871.753454103
	18	2020-07-13	26500	2028.71753454103	24471.282465459	178400.470988644
	19	2021-07-14	26500	1784.00470988644	24715.9952901136	153684.475698531
	20	2022-07-15	26500	1536.84475698531	24963.1552430147	128721.320455516
	21	2023-07-16	26500	1287.21320455516	25212.7867954448	103508.533660071
	22	2024-07-16	26500	1035.08533660071	25464.9146633993	78043.618996672
	23	2025-07-17	26500	780.43618996672	25719.5638100333	52324.0551866387
	24	2026-07-18	26500	523.240551866387	25976.7594481336	26347.2957385051
	25	2027-07-19	26500	263.472957385051	26236.527042615	110.76869589014
	total		662500	78910.7686958902	583589.23130411
	Shawnee Trunk Design
	Amortization Schedule 				Years	5
			rate	0.01
			balance	577700
			payment	60994.75
	#	Date	Payment $	Interest	Princp	Balance
	1	2012-07-15	60994.75	5777	55217.75	522482.25
	2	2013-01-13 12:00:00	60994.75	5224.8225	55769.9275	466712.3225
	3	2013-07-15	60994.75	4667.123225	56327.626775	410384.695725
	4	2014-01-13 12:00:00	60994.75	4103.84695725	56890.90304275	353493.79268225
	5	2014-07-15	60994.75	3534.9379268225	57459.8120731775	296033.980609073
	6	2015-01-13 12:00:00	60994.75	2960.33980609073	58034.4101939093	237999.570415163
	7	2015-07-15	60994.75	2379.99570415163	58614.7542958484	179384.816119315
	8	2016-01-13 12:00:00	60994.75	1793.84816119315	59200.9018388069	120183.914280508
	9	2016-07-14	60994.75	1201.83914280508	59792.9108571949	60391.0034233131
	10	2017-01-12 12:00:00	60994.75	603.910034233131	60390.8399657669	0.163457546259451
	Total		609947.5	32247.6634575462	577699.836542454

### Early4.75%
Early Lutz
Amortization Schedule - level principal payment 					25 years
	93		Annual	Monthly 	Quarterly
			434.408602150538	36.2007168458781	108.602150537634
		rate	0.0475
		balance	583700
		payment	40400
#	Date	Payment $	Interest	Princp	Balance
1	2003-07-01	40400	27725.75	12674.25	571025.75
2	2004-07-01	40400	27123.723125	13276.276875	557749.473125
3	2005-07-02	40400	26493.0999734375	13906.9000265625	543842.573098438
4	2006-07-03	40400	25832.5222221758	14567.4777778242	529275.095320613
5	2007-07-04	40400	25140.5670277291	15259.4329722709	514015.662348342
6	2008-07-04	40400	24415.7439615463	15984.2560384537	498031.406309889
7	2009-07-05	40400	23656.4917997197	16743.5082002803	481287.898109608
8	2010-07-06	40400	22861.1751602064	17538.8248397936	463749.073269815
9	2011-07-07	40400	22028.0809803162	18371.9190196838	445377.154250131
10	2012-07-07	40400	21155.4148268812	19244.5851731188	426132.569077012
11	2013-07-08	40400	20241.2970311581	20158.7029688419	405973.86610817
12	2014-07-09	40400	19283.7586401381	21116.2413598619	384857.624748308
13	2015-07-10	40400	18280.7371755446	22119.2628244554	362738.361923853
14	2016-07-10	40400	17230.072191383	23169.927808617	339568.434115236
15	2017-07-11	40400	16129.5006204737	24270.4993795263	315297.93473571
16	2018-07-12	40400	14976.6518999462	25423.3481000538	289874.586635656
17	2019-07-13	40400	13769.0428651937	26630.9571348063	263243.62950085
18	2020-07-13	40400	12504.0724012904	27895.9275987096	235347.70190214
19	2021-07-14	40400	11179.0158403516	29220.9841596484	206126.717742492
20	2022-07-15	40400	9791.01909276835	30608.9809072317	175517.73683526
21	2023-07-16	40400	8337.09249967484	32062.9075003252	143454.829334935
22	2024-07-16	40400	6814.1043934094	33585.8956065906	109868.933728344
23	2025-07-17	40400	5218.77435209635	35181.2256479037	74687.7080804404
24	2026-07-18	40400	3547.66613382092	36852.3338661791	37835.3742142614
25	2027-07-19	40400	1797.18027517741	38602.8197248226	-767.445510561222
total		1010000	425532.554489439	584467.445510561
Early Lutz
Amortization Schedule - level principal payment 					20 years
	93		Annual	Monthly 	Quarterly
			492.47311827957	41.0394265232975	123.118279569892
		rate	0.0475
		balance	583700
		payment	45800
#	Date	Payment $	Interest	Princp	Balance
1	2003-07-01	45800	27725.75	18074.25	565625.75
2	2004-07-01	45800	26867.223125	18932.776875	546692.973125
3	2005-07-02	45800	25967.9162234375	19832.0837765625	526860.889348438
4	2006-07-03	45800	25025.8922440508	20774.1077559492	506086.781592488
5	2007-07-04	45800	24039.1221256432	21760.8778743568	484325.903718132
6	2008-07-04	45800	23005.4804266112	22794.5195733888	461531.384144743
7	2009-07-05	45800	21922.7407468753	23877.2592531247	437654.124891618
8	2010-07-06	45800	20788.5709323519	25011.4290676481	412642.69582397
9	2011-07-07	45800	19600.5280516386	26199.4719483614	386443.223875609
10	2012-07-07	45800	18356.0531340914	27443.9468659086	358999.2770097
11	2013-07-08	45800	17052.4656579607	28747.5343420393	330251.742667661
12	2014-07-09	45800	15686.9577767139	30113.0422232861	300138.700444375
13	2015-07-10	45800	14256.5882711078	31543.4117288922	268595.288715482
14	2016-07-10	45800	12758.2762139854	33041.7237860146	235553.564929468
15	2017-07-11	45800	11188.7943341497	34611.2056658503	200942.359263618
16	2018-07-12	45800	9544.76206502183	36255.2379349782	164687.121328639
17	2019-07-13	45800	7822.63826311037	37977.3617368896	126709.75959175
18	2020-07-13	45800	6018.71358060811	39781.2864193919	86928.4731723578
19	2021-07-14	45800	4129.102475687	41670.897524313	45257.5756480448
20	2022-07-15	44908	2149.73484328213	42758.2651567179	2499.31049132693
total		915108	333907.310491327	581200.689508673
		1010000		36.2007168458781	300	10860.2150537634
		915108		41.0394265232975	240	9849.4623655914
		94892	1031.4347826087	4.83870967741935		1010.75268817204
