### January
Jan, 2005
AmericanBath	Target
MCRT
Days
	Actual
MCRT
Day
	Flow
MGD
Daily	Mixed
Liquor
DO
mg/l	Mixed
Liquor
30 min.
Settleable
%	SVI	MLSS
mg/l	RAS
TSS
MG/L
	WAS
Tss
MG/L
	Clarifier
Tank 1
Depth of
Blanket
Feet	Clarifier
Tank 2
Depth of
Blanket
Feet	WAS
Waste To
Digester
GPD
	Seed
Hauled
GPD
	WAS
Total
Wasted
GPD	Digester
Supernatant
GAL
	UV
Bank A
	UV
Bank B
	Precip
Inches
	Wind
Direction

	Alum
Used
GPD
	Influent
Total P
MG/L
	Effluent
Total P
MG/L
	Operations
Daily
PO-4
MG/L
	PO-4
%
Removal	Effluent
Phos
Loading
KG/Day
	Influent
TSS
MG/L
	Effluent
TSS
MG/L
	TSS
%
Removal	Effluent
TSS
Loading
KG/Day
	Influent
Nh3
MG/L
	Effluent
Nh3
MG/L
	NH-3
%
Removal	Effluent
NH3
Loading
KG/Day
	Influent
BOD
MG/L
	Effluent
BOD
MG/L
	BOD
%
Removal	Effluent
Bod
Loading
KG/Day
	F/M
Ratio

1 Sat	20		1.767															0.15		0
2 Sun	20		1.886															0.15		0
3 Mon	20		4.272	6.6	42	176	2392	7908		4.5	4.5			10500				1.15		0
4 Tue	20		3.067	8.8	36	167	2152	9764		7	4.5							0.7		0
5 Wed	20		3.797	8	41	188	2186	8380		7	5			9200				1.4		0		0.53			7.63	106	7	93.4	100.76		0.13			112.5	4	96.4	57.58	0.125
6 Thu	20		2.58															0		0						AN	AN							AN	AN
7 Fri	20		1.998															0		0						AN	AN							AN	AN
8 Sat	20		1.486															0.5		0
9 Sun	20		2.143															0		0
10 Mon	20		2.479	5.9	45	164	2744	7036		4.5	3							0.25		0
11 Tue	20		4.166	6.4	51	190	2684	7722		4.5	4			6900				1.7		0
12 Wed	20		3.716	8.9	34	165	2055	10416		7.5	7.5			8000				0.1		0		0.63			8.87	128	8.6	93.3	121.15		0.07			81	AA	100	0	0.093
13 Thu	20		3.487	8.3	45	176	2562	9164		4	4							0.75		0						64	8.2	87.2	108.39		0.08			78	3.8	95.1	50.23	0.068
14 Fri	20		2.042	8.8	45	195	2307	10166		4	4			10500				0		0						54	9	83.3	69.67		0.43			81	3.7	95.4	28.64	0.046
15 Sat	20		1.498															0.1		0
16 Sun	20		1.285															0		0
17 Mon	20		1.19															0		0
18 Tue	20		1.061	6.9	59	206	2865	4668		2	0.5			12700				0.15		0
19 Wed	18		1.016	6.6	59	200	2949	4644		3	1			15600				0		0		0.51			1.96	174	4.2	97.6	16.18		0.13			189	4.1	97.8	15.79	0.042
20 Thu	18		1.031	7	55	205	2678	4180		3.5	2			18700				0.15		0						88	AA	100	0		0.21			139.5	3.6	97.4	14.07	0.034
21 Fri	18		0.829	6.7	50	192	2605	3910		1	0.5			14000				0.3		0						109					0.12			110				0.022
22 Sat	18		1.088															0.1		0
23 Sun	18		1.038															0		0
24 Mon	18		0.985	6.9	54	198	2731	3744		1.5	0.5			15000				0		0
25 Tue	18		1.008	6.4	49	178	2749	3828		1	2			15200				0		0
26 Wed	18		0.973	6.5	45	185	2434	3316		0.5	0.5			14000				0		0	11	1.26		88.55	4.65	322	AA	100	0	10.7	0.26	97.6		234	3.5	98.5	12.91	0.06
27 Thu	18		0.916	6.4	45	169	2666	4042		1	0.5			15000				0		0						176	AA	100	0		0.25			153	3.2	97.9	11.11	0.034
28 Fri	18		0.79	6.9	44	178	2467	3438		1	1			15000				0		0						318	AA	100	0		0.16			133.5	3.3	97.5	9.88	0.027
29 Sat	18		0.955															0.2		0
30 Sun	18		1.062															0		0
31 Mon	18		0.918	5.8	48	205	2347	3394		2	0.5			14600				0		0
Sum	594		56.529	127.8	847	3337	45573	109720		59.5	45.5			194900				7.85		0	11	2.93		88.5454545454546	23.115561	1539	37	854.784516644979	416.147803636364	10.7	1.84	97.5700934579439		1311.5	29.2	876.19565113142	200.216484545455	0.54966447875541
Avg	19.1612903225806		1.82351612903226	7.1	47.0555555555556	185.388888888889	2531.83333333333	6095.55555555556		3.30555555555556	2.52777777777778			12993.3333333333				0.253225806451613		0	11	0.7325		88.5454545454546	5.77889025	153.9	4.11111111111111	94.9760574049977	46.2386448484848	10.7	0.184	97.5700934579439		131.15	3.24444444444444	97.3550723479355	22.2462760606061	0.054966447875541
Max	20		4.272	8.9	59	206	2949	10416		7.5	7.5			18700				1.7		0	11	1.26		88.5454545454546	8.87482145454545	322	9	100	121.148356363636	10.7	0.43	97.5700934579439		234	4.1	100	57.5763272727273	0.124543199466796
Min	18		0.79	5.8	34	164	2055	3316		0.5	0.5			6900				0		0	11	0.51		88.5454545454546	1.96429745454545	54	0	83.3333333333333	0	10.7	0.07	97.5700934579439		78	0	95.1282051282051	0	0.0223108719932375

### February
Feb, 2005
AmericanBath	Target
MCRT
Days
	Actual
MCRT
Day
	Flow
MGD
Daily	Mixed
Liquor
DO
mg/l	Mixed
Liquor
30 min.
Settleable
%	SVI	MLSS
mg/l	RAS
TSS
MG/L
	WAS
Tss
MG/L
	Clarifier
Tank 1
Depth of
Blanket
Feet	Clarifier
Tank 2
Depth of
Blanket
Feet	WAS
Waste To
Digester
GPD
	Seed
Hauled
GPD
	WAS
Total
Wasted
GPD	Digester
Supernatant
GAL
	UV
Bank A
	UV
Bank B
	Precip
Inches
	Wind
Direction

	Alum
Used
GPD
	Influent
Total P
MG/L
	Effluent
Total P
MG/L
	Operations
Daily
PO-4
MG/L
	PO-4
%
Removal	Effluent
Phos
Loading
KG/Day
	Influent
TSS
MG/L
	Effluent
TSS
MG/L
	TSS
%
Removal	Effluent
TSS
Loading
KG/Day
	Influent
Nh3
MG/L
	Effluent
Nh3
MG/L
	NH-3
%
Removal	Effluent
NH3
Loading
KG/Day
	Influent
BOD
MG/L
	Effluent
BOD
MG/L
	BOD
%
Removal	Effluent
Bod
Loading
KG/Day
	F/M
Ratio

1 Tue	18		0.944	5.7	45	196	2298	3648		2	1			14400				0		0
2 Wed	18		0.948	5.8	44	182	2416	3336		2	0.5			13400				0		0		0.84			3.02	370	3.8	99	13.66		0.71			247.5	3	98.8	10.78	0.062
3 Thu	18		0.942	5.9	43	176	2438	3216		1.5	0.5			14000				0								174	AA	100	0		0.52			138	AA	100	0	0.034
4 Fri	18		0.855	6.5	40	171	2344	3352		1.5	0.5			13900				0								141	AA	100	0		0.63			181	AA	100	0	0.042
5 Sat	18		1.179	AN	AN	AN	AN	AN		AN	AN			AN				0
6 Sun	18		1.634	AN	AN	AN	AN	AN		AN	AN			AN				0
7 Mon	18		3.025	5.6	45	191	2350	5444		0.5	1.5			13700				0.6
8 Tue	18		2.948	9	42	198	2120	6994		4	3			10300				0.2
9 Wed	18		2.23	9.9	44	203	2172	6230		2	2			15000				0.1				0.79			6.68	132	4.4	96.7	37.2		0.42			96	3.6	96.3	30.43	0.063
10 Thu	18		1.579	8.7	44	191	2300	4972		3	2			15000				0.1								120	AA	100	0		0.48			93	AA	100	0	0.041
11 Fri	18		1.2	9.8	44	209	2108	3980		0.5	0.5			14400				0								126	4.8	96.2	21.84		0.64			75	4	94.7	18.2	0.027
12 Sat	18		1.23	AN	AN	AN	AN	AN		AN	AN			AN				0
13 Sun	18		1.413	AN	AN	AN	AN	AN		AN	AN			AN				0.1
14 Mon	18		1.929	6	51	226	2260	4266		2.5	2			13400				0.1
15 Tue	18		1.659	7.7	44	206	2132	4080		1	1			13000				0
16 Wed	18		2.28	7	42	194	2170	7460		1.5	1			15000				0.4			10.5	0.76		92.76	6.57	198	AA	100	0	10.2	0.61	94		129	3	97.7	25.93	0.086
17 Thu	18		1.495	8.1	44	196	2248	4794		2	3			15000				0								82	AA	100	0		0.38			97.5	3	96.9	17	0.041
18 Fri	18		1.257	8	43	205	2099	3514		1.5	0			16000				0								128	AA	100	0		0.67			126	3.1	97.5	14.77	0.048
19 Sat	18		1.161	AN	AN	AN	AN	AN		AN	AN			AN				0.1
20 Sun	18		1.809	AN	AN	AN	AN	AN		AN	AN			AN				0.2
21 Mon	18		1.59	AN	AN	AN	AN	AN		AN	AN			AN				0
22 Tue	18		1.282	6.9	50	240	2083	3726		1	1			14000				0
23 Wed	18		1.204	7.3	41	188	2178	3600		1.5	2			15000				0				0.89			4.06	220	AA	100	0		0.72			171	3.3	98.1	15.06	0.06
24 Thu	18		1.132	7	46	241	1912	3146		0.5	1			12000				0								208	AA	100	0		0.59			127.5	AA	100	0	0.048
25 Fri	18		1.105	7.2	46	244	1885	2916		1.5	1.5							0								152	AA	100	0		0.43			162	AA	100	0	0.061
26 Sat	18		1.317	AN	AN	AN	AN	AN		AN	AN			AN				0
27 Sun	18		0.994	AN	AN	AN	AN	AN		AN	AN			AN				0
28 Mon	18		1.269	5.2	44	236	1861	3300		1	0.5			12000				0
Sum	504		41.61	137.3	842	3893	41374	81974		31	24.5			249500				1.9		0	10.5	3.28		92.7619047619048	20.3282950909091	2051	13	1191.83011583012	72.6884072727273	10.2	6.8	94.0196078431373		1643.5	23	1179.91189896055	132.177248181818	0.613370968524104
Avg	18		1.48607142857143	7.22631578947368	44.3157894736842	204.894736842105	2177.57894736842	4314.42105263158		1.63157894736842	1.28947368421053			13861.1111111111				0.0678571428571429		0	10.5	0.82		92.7619047619048	5.08207377272727	170.916666666667	1.08333333333333	99.3191763191763	6.05736727272727	10.2	0.566666666666667	94.0196078431373		136.958333333333	1.91666666666667	98.3259915800461	11.0147706818182	0.0511142473770087
Max	18		3.025	9.9	51	244	2438	7460		4	3			16000				0.6		0	10.5	0.89		92.7619047619048	6.67844454545454	370	4.8	100	37.1964	10.2	0.72	94.0196078431373		247.5	4	100	30.4334181818182	0.0863857045933158
Min	18		0.855	5.2	40	171	1861	2916		0.5	0			10300				0		0	10.5	0.76		92.7619047619048	3.01877672727273	82	0	96.1904761904762	0	10.2	0.38	94.0196078431373		75	0	94.6666666666667	0	0.0272112792566604

### March
Mar, 2005
AmericanBath	Target
MCRT
Days
	Actual
MCRT
Day
	Flow
MGD
Daily	Mixed
Liquor
DO
mg/l	Mixed
Liquor
30 min.
Settleable
%	SVI	MLSS
mg/l	RAS
TSS
MG/L
	WAS
Tss
MG/L
	Clarifier
Tank 1
Depth of
Blanket
Feet	Clarifier
Tank 2
Depth of
Blanket
Feet	WAS
Waste To
Digester
GPD
	Seed
Hauled
GPD
	WAS
Total
Wasted
GPD	Digester
Supernatant
GAL
	UV
Bank A
	UV
Bank B
	Precip
Inches
	Wind
Direction

	Alum
Used
GPD
	Influent
Total P
MG/L
	Effluent
Total P
MG/L
	Operations
Daily
PO-4
MG/L
	PO-4
%
Removal	Effluent
Phos
Loading
KG/Day
	Influent
TSS
MG/L
	Effluent
TSS
MG/L
	TSS
%
Removal	Effluent
TSS
Loading
KG/Day
	Influent
Nh3
MG/L
	Effluent
Nh3
MG/L
	NH-3
%
Removal	Effluent
NH3
Loading
KG/Day
	Influent
BOD
MG/L
	Effluent
BOD
MG/L
	BOD
%
Removal	Effluent
Bod
Loading
KG/Day
	F/M
Ratio

1 Tue	18		1.075	5.4	47	233	2021	3376		0.5	0.5			12000				0.25
2 Wed	18		1.259	6.1	42	194	2166	3272		0.5	0.5			18000				0				0.76			3.63	136	AA	100	0		0.48			145.5	3	97.9	14.32	0.054
3 Thu	20		1.1	6.7	42	212	1977	3132		1	2.5			14000				0								224	AA	100	0		0.34			133.5	AA	100	0	0.047
4 Fri	20		1.12	6.7	43	234	1845	3360		2	1			13000				0								182	AA	100	0		0.56			126	AA	100	0	0.049
5 Sat	20		1.448	AN	AN	AN	AN	AN		AN	AN			AN				0
6 Sun	20		1.776	AN	AN	AN	AN	AN		AN	AN			AN				0
7 Mon	20		1.411	6.7	51	244	2092	3718		2	1			13000				0.3
8 Tue	20		1.254	6.5	45	214	2096	3290		1	0.5			11000				0
9 Wed	20		1.158	7.7	46	232	1979	3000		1.5	1.5			11000				0				0.83			3.64	184	AA	100	0		0.63			141	AA	100	0	0.053
10 Thu	20		1.079	6.7	49	253	1933	2898		2	0.5			12000				0.15								220	AA	100	0		0.32			93	AA	100	0	0.033
11 Fri	20		1.139	7.1	45	234	1919	2846		1	1			13800				0.1								222	AA	100	0		0.33			84	AA	100	0	0.032
12 Sat	20		1.28	AN	AN	AN	AN	AN		AN	AN			AN				0
13 Sun	20		1.147	AN	AN	AN	AN	AN		AN	AN			AN				0
14 Mon	20		1.102	6	54	279	1937	3016		0.5	0.5			13500				0
15 Tue	20		1.095	5.6	53	268	1978	2964		0.5	0.5			11000				0
16 Wed	20		1.106	5.8	48	247	1942	2858		1	1			13000				0		157.5		0.81			3.4	418	AA	100	0		0.36			145.5	3.4	97.7	14.26	0.053
17 Thu	20		0.845	5.6	47	250	1880	2948		1	1			12000				0								444	4.2	99.1	13.45		0.38			118.5	AA	100	0	0.034
18 Fri	20		0.831	5.3	44	277	1584	2664		0	0			12400				0								356	AA	100	0		0.46			96	AA	100	0	0.032
19 Sat	20		1.17	AN	AN	AN	AN	AN		AN	AN			AN				0.35
20 Sun	20		1.063	AN	AN	AN	AN	AN		AN	AN			AN				0
21 Mon	20		0.889	6.4	59	286	2064	3072		0.5	1			10000				0
22 Tue	20		1.01	5.8	50	240	2082	2780		1	1			10000				0
23 Wed	20		1.342	4.9	50	236	2120	4368		2	1			11800				0.1			9.9	0.87		91.18	4.43	466	AA	100	0	8.84	0.27	96.9		130.5	3.4	97.4	17.3	0.053
24 Thu	20		1.138	7.6	50	241	2076	3586		1	1			12900				0.2								164	AA	100	0		0.19			69	AA	100	0	0.024
25 Fri	20		1.969	5.3	52	237	2186	4776		1	1			13000				0.3								264	AA	100	0		0.48			112.5	AA	100	0	0.065
26 Sat	20		1.519	AN	AN	AN	AN	AN		AN	AN			AN				0
27 Sun	20		1.219	AN	AN	AN	AN	AN		AN	AN			AN				0
28 Mon	20		1.046	5.9	51	216	2360	4032		1	0.5			12000				0
29 Tue	20		0.933	6.9	55	256	2150	3314		2	1			14000				0
30 Wed	20		0.933	5.1	48	242	1982	2994		1	1			12200				0
31 Thu	20		0.905	4.4	54	257	2101	3280		0.5	1.5			13000				0
Sum	616		36.361	140.2	1125	5582	46470	75544		24.5	21			288600				1.75		157.5	9.86	3.27		91.1764705882353	15.0930496363636	3280	4.2	1199.05405405405	13.4539363636364	8.84	4.8	96.9457013574661		1395	9.8	1192.99601058577	45.8707581818182	0.527641813605248
Avg	19.8709677419355		1.17293548387097	6.09565217391304	48.9130434782609	242.695652173913	2020.4347826087	3284.52173913044		1.06521739130435	0.91304347826087			12547.8260869565				0.0564516129032258		157.5	9.86	0.8175		91.1764705882353	3.77326240909091	273.333333333333	0.35	99.9211711711712	1.12116136363636	8.84	0.4	96.9457013574661		116.25	0.816666666666667	99.416334215481	3.82256318181818	0.0439701511337706
Max	20		1.969	7.7	59	286	2360	4776		2	2.5			18000				0.35		157.5	9.86	0.87		91.1764705882353	4.426038	466	4.2	100	13.4539363636364	8.84	0.63	96.9457013574661		145.5	3.4	100	17.29716	0.064584029431162
Min	18		0.831	4.4	42	194	1584	2664		0	0			10000				0		157.5	9.86	0.76		91.1764705882353	3.39612381818182	136	0	99.0540540540541	0	8.84	0.19	96.9457013574661		69	0	97.3946360153257	0	0.0241068829967912

### April
Apr, 2005
AmericanBath	Target
MCRT
Days
	Actual
MCRT
Day
	Flow
MGD
Daily	Mixed
Liquor
DO
mg/l	Mixed
Liquor
30 min.
Settleable
%	SVI	MLSS
mg/l	RAS
TSS
MG/L
	WAS
Tss
MG/L
	Clarifier
Tank 1
Depth of
Blanket
Feet	Clarifier
Tank 2
Depth of
Blanket
Feet	WAS
Waste To
Digester
GPD
	Seed
Hauled
GPD
	WAS
Total
Wasted
GPD	Digester
Supernatant
GAL
	UV
Bank A
	UV
Bank B
	Precip
Inches
	Wind
Direction

	Alum
Used
GPD
	Influent
Total P
MG/L
	Effluent
Total P
MG/L
	Operations
Daily
PO-4
MG/L
	PO-4
%
Removal	Effluent
Phos
Loading
KG/Day
	Influent
TSS
MG/L
	Effluent
TSS
MG/L
	TSS
%
Removal	Effluent
TSS
Loading
KG/Day
	Influent
Nh3
MG/L
	Effluent
Nh3
MG/L
	NH-3
%
Removal	Effluent
NH3
Loading
KG/Day
	Influent
BOD
MG/L
	Effluent
BOD
MG/L
	BOD
%
Removal	Effluent
Bod
Loading
KG/Day
	F/M
Ratio

1 Fri	20		0.822	5.1	50	253	1974	2936		0.5	1			15000				0		0						160	7.2	95.5	22.44		0.42			174	6	96.6	18.7	0.046
2 Sat	20		1.129															0.5		0
3 Sun	20		2.023															0.2
4 Mon	20		1.226	6.3	53	235	2255	3688		1	1			12200				0
5 Tue	20		1.019	5.3	58	269	2156	2414		1	1			15000				0
6 Wed	20		0.906	4.6	53	245	2162	3378		0.5	0.5			15200				0				0.83			2.85	232	4.4	98.1	15.11		0.57			124.5	3.3	97.3	11.33	0.033
7 Thu	20		0.854	4.2	50	242	2070	3288		1	1.5			14300				0								182	AA	100	0		0.67			114	AA	100	0	0.03
8 Fri	20		1.089	4.1	48	233	2056	3454		0.5	0.5			14000				0.2								190	4.2	97.8	17.34		0.56			75	AA	100	0	0.025
9 Sat	20		0.806															0
10 Sun	20		0.856															0
11 Mon	20		0.853	4.3	50	230	2177	3032		1	0.5			14000				0
12 Tue	20		0.785	8.5	53	252	2102	3102		0	1			12600				0
13 Wed	20		0.814	8.1	52	238	2188	2848		2	1			12000				0				0.78			2.41	226	8.2	96.4	25.3		0.09			133.5	3.7	97.2	11.42	0.032
14 Thu	20		0.756	8.3	52	258	2018	2918		1	2			14000				0								232	AA	100	0		0.05			123	AA	100	0	0.029
15 Fri	20		0.716	9.9	52	247	2107	2964		0.5	2			0				0								210	AA	100	0		0.08			141	3.2	97.7	8.69	0.031
16 Sat	20		0.8															0
17 Sun	20		0.74															0
18 Mon	20		0.691	4.1	60	267	2246	3066		1	1.5			13700				0
19 Tue	20		0.736	9.1	55	257	2136	3016		1	0.5			14000				0
20 Wed	20		0.747	7.3	57	268	2127	3796		1	1			10000				0				0.73			2.07	348	4.8	98.6	13.59		AA			153	4	97.4	11.33	0.034
21 Thu	20		1.271	8.5	54	261	2069	4252		1	1			12000				0.7								240	5	97.9	24.09		0.05			87	3.9	95.5	18.79	0.034
22 Fri	20		0.922	9.1	59	278	2120	3134		1	1			12800				0.2								156	AA	100	0		0.06			72	AA	100	0	0.02
23 Sat	20		1.908															1.4
24 Sun	20		3.309															0.75
25 Mon	20		2.857	7.6	59	294	2005	6640		4	4			0				0.4
26 Tue	20		1.907	7	58	264	2200	4672		2	2			11900				0
27 Wed	20		2.486	7.8	56	277	2019	6406		5	2			10300				0.65				0.81			7.63	138	AA	100	0		0.14			105	3.4	96.8	32.04	0.082
28 Thu	20		1.703	9.1	59	262	2249	4328		1	1			11600				0			8.6					220	3.6	98.4	23.24	9.7	AA	100		96	3.3	96.6	21.3	0.046
29 Fri	20		1.228	6.4	53	248	21	3752		2	1			13000				0
30 Sat	20		1.051															0.15
Sum	600		37.01	144.7	1141	5378	42457.39	77084		28	27			247600				5.15		0	8.56	3.15			14.9584344545455	2534	37.4	1182.66559606148	141.115832727273	9.7	2.69	100		1398	30.8	1175.08734965792	133.599218181818	0.443286809658686
Avg	20		1.23366666666667	6.89047619047619	54.3333333333333	256.095238095238	2021.78047619048	3670.66666666667		1.33333333333333	1.28571428571429			11790.4761904762				0.171666666666667		0	8.56	0.7875			3.73960861363636	211.166666666667	3.11666666666667	98.5554663384564	11.7596527272727	9.7	0.224166666666667	100		116.5	2.56666666666667	97.9239458048264	11.1332681818182	0.0369405674715572
Max	20		3.309	9.9	60	294	2255	6640		5	4			15200				1.4		0	8.56	0.83			7.633602	348	8.2	100	25.30356	9.7	0.67	100		174	6	100	32.04228	0.082400749287126
Min	20		0.691	4.1	48	230	21.39	2414		0	0.5			0				0		0	8.56	0.73			2.06722063636364	138	0	95.5	0	9.7	0	100		72	0	95.5172413793103	0	0.0199574299217143

### May
May, 2005
AmericanBath	Target
MCRT
Days
	Actual
MCRT
Day
	Flow
MGD
Daily	Mixed
Liquor
DO
mg/l	Mixed
Liquor
30 min.
Settleable
%	SVI	MLSS
mg/l	RAS
TSS
MG/L
	WAS
Tss
MG/L
	Clarifier
Tank 1
Depth of
Blanket
Feet	Clarifier
Tank 2
Depth of
Blanket
Feet	WAS
Waste To
Digester
GPD
	Seed
Hauled
GPD
	WAS
Total
Wasted
GPD	Digester
Supernatant
GAL
	UV
Bank A
	UV
Bank B
	Precip
Inches
	Wind
Direction

	Alum
Used
GPD
	Influent
Total P
MG/L
	Effluent
Total P
MG/L
	Operations
Daily
PO-4
MG/L
	PO-4
%
Removal	Effluent
Phos
Loading
KG/Day
	Influent
TSS
MG/L
	Effluent
TSS
MG/L
	TSS
%
Removal	Effluent
TSS
Loading
KG/Day
	Influent
Nh3
MG/L
	Effluent
Nh3
MG/L
	NH-3
%
Removal	Effluent
NH3
Loading
KG/Day
	Influent
BOD
MG/L
	Effluent
BOD
MG/L
	BOD
%
Removal	Effluent
Bod
Loading
KG/Day
	F/M
Ratio

1 Sun	20		2.17															0
2 Mon	20		1.059	5.1	57	260	2192	3246		2.5	1			13500				0
3 Tue	20		0.92	9.8	65	303	2147	3176		1	2.5			15000				0
4 Wed	20		0.9	5.1	50	243	2060	3364		1	1			13200				0		161.84		0.67			2.29	468	6	98.7	20.47		0.06			198	3.1	98.4	10.58	0.055
5 Thu	20		0.806	4.4	55	270	2035	2956		1.5	1			13800				0								200	AA	100	0		0.09			102	3.3	96.8	10.08	0.026
6 Fri	20		0.831	3.9	55	273	2018	2714		1.5	2.5			12000				0								342	10.8	96.8	34.02		0.63			126	4	96.8	12.6	0.033
7 Sat	20		0.802															0.1
8 Sun	20		0.88															0
9 Mon	20		0.804	3.5	46	218	2106	2998		1	0.5			15100				0
10 Tue	18		0.795	6.8	52	236	2199	3060		1	0.5			14600				0
11 Wed	18		0.832	7.4	54	249	2170	3144		1	0.5			14500				0				0.86			2.71	534	8.6	98.4	27.12		AA			178.5	3.7	97.9	11.67	0.044
12 Thu	18		0.809	3.5	52	278	1873	2844		2	1			14600				0								262	3.8	98.5	11.65		0.38			162	AA	100	0	0.045
13 Fri	18		0.821	4.4	48	237	2028	2730		1	0.5			14000				0								280	6	97.9	18.67		0.9			102	3.4	96.7	10.58	0.026
14 Sat	18		0.806															0.05
15 Sun	18		0.99															0.35
16 Mon	18		0.857	3.1	57	268	2128	3066		1	0.5			15000				0.05
17 Tue	18		0.807	7.3	59	278	2123	2862		0.5	1			15000				0
18 Wed	18		0.751	8.2	49	251	1953	2690		1	0.5			0				0				0.89			2.53	552	AA	100	0		0.1			219	AA	100	0	0.054
19 Thu	18		0.822	4.4	50	240	2085	6043		0.5	1.5			14200				0								406	AA	100	0		0.35			160.5	AA	100	0	0.04
20 Fri	18		1.327	4.3	47	237	1982	3042		0.5	1			15600				0.55								184	AA	100	0		0.8			76.5	AA	100	0	0.033
21 Sat	18		0.83															0
22 Sun	18		0.807															0
23 Mon	18		0.967	3.1	50	234	2137	3156		1	2			15000				0.15
24 Tue	18		0.882	8.8	50	242	2066	3070		1	0.5			15200				0.1
25 Wed	18		0.881	7.4	46	234	1890	2914		1.5	0.5			12300				0.05		161.91	9.3					272	AA	100	0	8.93	0.08	99.1		183	3.2	98.3	10.69	0.054
26 Thu	18		0.798	4.7	46	241	1909	2308		0.5	0.5			18700				0				0.97			2.93	310	AA	100	0		0.05			151.5	AA	100	0	0.04
27 Fri	18		0.718	1.5	44	224	1968	2764		0	0			13100				0								314	AA	100	0		0.09			108	AA	100	0	0.025
28 Sat	18		0.809															0
29 Sun	18		0.781															0
30 Mon	18		0.81															0
31 Tue	16		0.81	3.9	53	257	2065	2614		1	1.5			15900				0.1
Sum	574		27.882	110.6	1085	5273	43134	64761		22	20.5			290300				1.5		323.75	9.26	3.39			10.4665862727273	4124	35.2	1190.35632826747	111.946303636364	8.93	3.53	99.1041433370661		1767	20.7	1184.86964979733	66.1998872727273	0.474976333933287
Avg	18.5161290322581		0.89941935483871	5.26666666666667	51.6666666666667	251.095238095238	2054	3083.85714285714		1.04761904761905	0.976190476190476			13823.8095238095				0.0483870967741936		161.875	9.26	0.8475			2.61664656818182	343.666666666667	2.93333333333333	99.1963606889562	9.32885863636364	8.93	0.294166666666667	99.1041433370661		147.25	1.725	98.7391374831105	5.51665727272727	0.0395813611611073
Max	20		2.17	9.8	65	303	2199	6043		2.5	2.5			18700				0.55		161.91	9.26	0.97			2.93439109090909	552	10.8	100	34.0226509090909	8.93	0.9	99.1041433370661		219	4	100	12.6009818181818	0.0551337503944755
Min	16		0.718	1.5	44	218	1873	2308		0	0			0				0		161.84	9.26	0.67			2.28591818181818	184	0	96.8421052631579	0	8.93	0	99.1041433370661		76.5	0	96.6666666666667	0	0.0251130905190505

### June
Jun, 2005
AmericanBath	Target
MCRT
Days
	Actual
MCRT
Day
	Flow
MGD
Daily	Mixed
Liquor
DO
mg/l	Mixed
Liquor
30 min.
Settleable
%	SVI	MLSS
mg/l	RAS
TSS
MG/L
	WAS
Tss
MG/L
	Clarifier
Tank 1
Depth of
Blanket
Feet	Clarifier
Tank 2
Depth of
Blanket
Feet	WAS
Waste To
Digester
GPD
	Seed
Hauled
GPD
	WAS
Total
Wasted
GPD	Digester
Supernatant
GAL
	UV
Bank A
	UV
Bank B
	Precip
Inches
	Wind
Direction

	Alum
Used
GPD
	Influent
Total P
MG/L
	Effluent
Total P
MG/L
	Operations
Daily
PO-4
MG/L
	PO-4
%
Removal	Effluent
Phos
Loading
KG/Day
	Influent
TSS
MG/L
	Effluent
TSS
MG/L
	TSS
%
Removal	Effluent
TSS
Loading
KG/Day
	Influent
Nh3
MG/L
	Effluent
Nh3
MG/L
	NH-3
%
Removal	Effluent
NH3
Loading
KG/Day
	Influent
BOD
MG/L
	Effluent
BOD
MG/L
	BOD
%
Removal	Effluent
Bod
Loading
KG/Day
	F/M
Ratio

1 Wed	16		0.799	6.6	51	243	2100	2748		2	0			10300				0				0.63			1.91	276	AA	100	0		0.99			193.5	3.7	98.1	11.21	0.047
2 Thu	16		0.803	5.6	45	224	2010	2930		0.5	0.5			18000				0								418	AA	100	0		0.16			142.5	AA	100	0	0.036
3 Fri	16		0.797	2.5	44	251	1754	2358		0.5	0.5			18000				0								402	AA	100	0		0.26			147	3.7	97.5	11.18	0.043
4 Sat	16		0.704															0
5 Sun	16		0.728															0
6 Mon	15		0.876	2	44	230	1914	2738		1	1			16900				0.1
7 Tue	15		0.87	5.1	44	251	1756	2626		0.5	0.5			14800				0
8 Wed	15		0.85	5.5	43	220	1957	2906		1	0.5			16300				0				0.95			3.06	550	AA	100	0		0.25			234	5.4	97.7	17.4	0.065
9 Thu	15		0.91	5.4	36	193	1865	2798		1	1			16500				0								312	AA	100	0		0.18			102	3.7	96.4	12.76	0.032
10 Fri	15		0.857	5.8	37	223	1656	2554		0.5	0.5			18000				0								190	AA	100	0		0.06			75	3.2	95.7	10.4	0.025
11 Sat	15		0.836															0
12 Sun	15		0.948															0
13 Mon	15		1.084	3.1	41	209	1964	3430		0.5	0.5			19000				0.55
14 Tue	15		0.952	4.9	40	207	1931	2412		0	0			17800				0		161.91
15 Wed	15		0.927	6	39	199	1952	2638		0	1			17900				0				0.91			3.2	500	AA	100	0		0.85			234	4	98.3	14.06	0.071
16 Thu	15		0.773	6.1	38	245	1550	1972		1.5	1			16900				0								516	AA	100	0		0.07			108	4	96.3	11.72	0.034
17 Fri	15		0.857	6.3	37	223	1661	2276		0.5	0.5			15000				0								348	AA	100	0		0.08			139.5	3.6	97.4	11.7	0.046
18 Sat	15		0.752															0
19 Sun	15		0.761															0
20 Mon	15		0.769	6.2	44	262	1674	2466		0.5	2.5			18000				0
21 Tue	15		0.891	2.6	42	237	1768	2222		1	0.5			16600				0
22 Wed	15		0.736	5.3	38	252	1508	2256		0.5	0.5			17350				0				0.84			2.34	422	AA	100	0		0.1			208.5	5.2	97.5	14.51	0.065
23 Thu	15		0.834	6.7	37	250	1479	1966		1	1			10000				0								170	AA	100	0		AA			120	3.8	96.8	12.01	0.043
24 Fri	15		0.786	6.3	35	232	1507	2090		0.5	0.5			14200				0			10.4					224	AA	100	0		0.07			135	AA	100	0	0.045
25 Sat	15		0.74															0.2
26 Sun	15		0.855															0
27 Mon	15		0.857	2.9	39	238	1640	2226		1	1			15000				0
28 Tue	15		0.797	6.2	35	239	1464	1946		0.5	0.5			16000				0.1
29 Wed	15		0.957	6.2	34	231	1470	1828		1	1			15000				0.2
30 Thu	15		0.891	8	35	244	1435	2024		1	1			15200				0
Sum	455		25.197	115.3	878	5103	38015	53410		16.5	16			352750				1.15		161.91	10.4	3.33			10.5109778181818	4328	0	1200	0		3.07			1839	40.3	1171.71461650246	126.94314	0.55090305112422
Avg	15.1666666666667		0.8399	5.24090909090909	39.9090909090909	231.954545454545	1727.95454545455	2427.72727272727		0.75	0.727272727272727			16034.0909090909				0.0383333333333333		161.91	10.4	0.8325			2.62774445454545	360.666666666667	0	100	0		0.255833333333333			153.25	3.35833333333333	97.6428847085383	10.578595	0.045908587593685
Max	16		1.084	8	51	262	2100	3430		2	2.5			19000				0.55		161.91	10.4	0.95			3.19789718181818	550	0	100	0		0.99			234	5.4	100	17.4002727272727	0.0708260194965991
Min	15		0.704	2	34	193	1435	1828		0	0			10000				0		161.91	10.4	0.63			1.90822990909091	170	0	100	0		0			75	0	95.7333333333333	0	0.02473767099879

### July
Jul, 2005
AmericanBath	Target
MCRT
Days
	Actual
MCRT
Day
	Flow
MGD
Daily	Mixed
Liquor
DO
mg/l	Mixed
Liquor
30 min.
Settleable
%	SVI	MLSS
mg/l	RAS
TSS
MG/L
	WAS
Tss
MG/L
	Clarifier
Tank 1
Depth of
Blanket
Feet	Clarifier
Tank 2
Depth of
Blanket
Feet	WAS
Waste To
Digester
GPD
	Seed
Hauled
GPD
	WAS
Total
Wasted
GPD	Digester
Supernatant
GAL
	UV
Bank A
	UV
Bank B
	Precip
Inches
	Wind
Direction

	Alum
Used
GPD
	Influent
Total P
MG/L
	Effluent
Total P
MG/L
	Operations
Daily
PO-4
MG/L
	PO-4
%
Removal	Effluent
Phos
Loading
KG/Day
	Influent
TSS
MG/L
	Effluent
TSS
MG/L
	TSS
%
Removal	Effluent
TSS
Loading
KG/Day
	Influent
Nh3
MG/L
	Effluent
Nh3
MG/L
	NH-3
%
Removal	Effluent
NH3
Loading
KG/Day
	Influent
BOD
MG/L
	Effluent
BOD
MG/L
	BOD
%
Removal	Effluent
Bod
Loading
KG/Day
	F/M
Ratio

1 Fri	15		1.119	6.4	31	208	1489	2378		0	0.5			18000				0.65
2 Sat	15		0.782															0
3 Sun	15		0.808															0
4 Mon	15		0.756															0
5 Tue	15		0.834	7	37	251	1476	2304		1	0.5			18000				0								286	3.8	98.7	12.01		0.184			111	AA	100	0	0.04
6 Wed	15		0.932	7.4	35	223	1573	2142		1	0.5			18000				0.1		183.75		0.7			2.47	298	AA	100	0		0.158			124.5	AA	100	0	0.047
7 Thu	15		0.753	7.8	33	242	1362	1726		0.5	0.5			10000				0								340	AA	100	0		0.113			134	AA	100	0	0.047
8 Fri	15		0.732	5.7	32	228	1402	1974		0	1.5			10000				0								314	AA	100	0		0.071			91.5	AA	100	0	0.03
9 Sat	15		0.82															0.2
10 Sun	15		0.737															0
11 Mon	15		0.776	6	35	226	1546	2186		2	1			12000				0
12 Tue	15		0.734	5.8	33	249	1327	1956		1	1			10000				0
13 Wed	15		0.745	5.6	34	236	1431	2118		2	0.5			10000				0		227.5		0.46			1.3	284	AA	100	0		AA			236	3.8	98.4	10.73	0.078
14 Thu	15		0.72	5.1	30	228	1312	1870		0	0			0				0.2								372	AA	100	0		0.074			121.5	AA	100	0	0.042
15 Fri	15		0.756	5.2	30	179	1671	1736		0	1			10000				0								208	AA	100	0		0.089			121.5	AA	100	0	0.035
16 Sat	15		0.793															0.1
17 Sun	15		0.848															0.15
18 Mon	15		0.666	5.1	40	258	1551	1624		1.5	1			0				0
19 Tue	15		1.216	6	36	248	1453	2514		0.5	2			10000				0.6
20 Wed	15		0.828	6.5	38	252	1505	1932		2	1			0				0		201.25						448	6.4	98.6	20.09		AA			150	3.9	97.4	12.24	0.053
21 Thu	15		0.761	5.9	38	215	1764	2194		2	0			10000				0				1.01			2.91	332	AA	100	0		0.072			159	3.2	98	9.23	0.044
22 Fri	15		1.327	6.2	39	237	1643	3352		2	2			14000				1.1								246	AA	100	0		0.051			120	3.6	97	18.11	0.062
23 Sat	15		0.921															0
24 Sun	15		0.778															0
25 Mon	15		0.786	6.1	39	217	1794	3148		1	1			12000				0
26 Tue	15		0.808	5	40	233	1717	2496		0.5	1			15000				0.15
27 Wed	15		1.246	5.6	36	214	1683	4678		3	1			11900				0.7								260	AA	100	0		0.08			171	5	97.1	23.62	0.081
28 Thu	15		1.143	6.3	33	210	1569	2348		1.5	1			15000				0.2		175		0.3			1.3	170	AA	100	0		0.07			78	AA	100	0	0.036
29 Fri	15		0.786	6.1	39	253	1540	1968		0	0.5			0				0
30 Sat	15		7.15															0
31 Sun	15		0.737															0
Sum	465		32.798	120.8	708	4607	30808	46644		21.5	17.5			203900				4.15		787.5		2.47			7.985967	3558	10.2	1197.24275724276	32.1029345454545		0.962			1618	19.5	1187.85327528394	73.9325836363636	0.595483566738163
Avg	15		1.058	6.04	35.4	230.35	1540.4	2332.2		1.075	0.875			10195				0.133870967741936		196.875		0.6175			1.99649175	296.5	0.85	99.7702297702298	2.67524454545455		0.0801666666666667			134.833333333333	1.625	98.9877729403279	6.16104863636364	0.0496236305615136
Max	15		7.15	7.8	40	258	1794	4678		3	2			18000				1.1		227.5		1.01			2.91373063636364	448	6.4	100	20.0887854545455		0.184			236	5	100	23.6173636363636	0.080687654863788
Min	15		0.666	5	30	179	1312	1624		0	0			0				0		175		0.3			1.29914454545455	170	0	98.5714285714286	0		0			78	0	97	0	0.0304481715549761

### August
Aug, 2005
AmericanBath	Target
MCRT
Days
	Actual
MCRT
Day
	Flow
MGD
Daily	Mixed
Liquor
DO
mg/l	Mixed
Liquor
30 min.
Settleable
%	SVI	MLSS
mg/l	RAS
TSS
MG/L
	WAS
Tss
MG/L
	Clarifier
Tank 1
Depth of
Blanket
Feet	Clarifier
Tank 2
Depth of
Blanket
Feet	WAS
Waste To
Digester
GPD
	Seed
Hauled
GPD
	WAS
Total
Wasted
GPD	Digester
Supernatant
GAL
	UV
Bank A
	UV
Bank B
	Precip
Inches
	Wind
Direction

	Alum
Used
GPD
	Influent
Total P
MG/L
	Effluent
Total P
MG/L
	Operations
Daily
PO-4
MG/L
	PO-4
%
Removal	Effluent
Phos
Loading
KG/Day
	Influent
TSS
MG/L
	Effluent
TSS
MG/L
	TSS
%
Removal	Effluent
TSS
Loading
KG/Day
	Influent
Nh3
MG/L
	Effluent
Nh3
MG/L
	NH-3
%
Removal	Effluent
NH3
Loading
KG/Day
	Influent
BOD
MG/L
	Effluent
BOD
MG/L
	BOD
%
Removal	Effluent
Bod
Loading
KG/Day
	F/M
Ratio

1 Mon	15		0.721	6	38	232	1974	1974		1	1			10000				0
2 Tue	15		0.761	5.7	39	260	1502	1814		1	0.5			0				0
3 Wed	15		0.65	4.7	35	216	1619	2138		1	0			10000				0				0.79			1.95	266	3.6	98.6	8.87		AA			312	3.5	98.9	8.62	0.08
4 Thu	15		0.71	5	37	215	1722	2278		2	1			15000				0								380	AA	100	0		0.15			165	4.3	97.4	11.57	0.043
5 Fri	15		0.661	5	36	235	1531	2256		0	0			0				0								270	AA	100	0		0.06			126	AA	100	0	0.035
6 Sat	15		0.749															0
7 Sun	15		0.789															0
8 Mon	15		0.704	5.2	40	211	1888	2204		0	0			18000				0
9 Tue	15		1.031	5.4	40	253	1581	2080		2	0.5			12000				0.25
10 Wed	15		0.774	5.8	39	252	1547	2048		1	1			12000				0				0.69			2.02	366	4.2	98.9	12.32		AA			234	3.5	98.5	10.27	0.075
11 Thu	15		0.707	5.3	42	254	1648	2126		0.5	0			14000				0								232	AA	100	0		0.07			124.5	3.7	97	9.92	0.034
12 Fri	15		0.716	5.4	39	254	1538	2242		0.5	1			15000				0								228	AA	100	0		AA			141	AA	100	0	0.042
13 Sat	15		0.748															0
14 Sun	15		1.555															1.9
15 Mon	15		0.934	6.2	45	256	1761	2574		1	0.5			18000				0.1
16 Tue	15		0.797	5.8	41	264	1555	2308		1	0.5			16000				0.1
17 Wed	15		0.72	6.2	41	260	1577	2396		0.5	1			16300	151800			0		192		0.98			2.67	232	5.4	97.7	14.74		0.05			187.5	3.9	97.9	10.64	0.055
18 Thu	15		0.797	6.1	40	250	1600	2192		1	1			16000				0		183.75						328	AA	100	0		AA			135	AA	100	0	0.043
19 Fri	15		0.732	5.7	40	258	1550	1912		0.5	1.5			14000				0.1								214	AA	100	0		0.09			120	AA	100	0	0.036
20 Sat	15		0.603															0
21 Sun	15		0.72															0
22 Mon	15		0.764	6	43	258	1668	2326		1.5	0.5			16000	40700			0
23 Tue	15		0.702	6.1	37	237	1562	1852		0.5	0.5			12000				0		140
24 Wed	15		0.696	5.9	39	236	1650	2238		2	0.5			15000				0		148.75		0.57			1.5	386	6.4	98.3	16.89		0.08			210	4.4	97.9	11.61	0.056
25 Thu	15		0.703	6	40	250	1599	2422		2	0.5			0				0								280	AA	100	0		0.12			177	AA	100	0	0.05
26 Fri	15		0.688	5.7	42	260	1622	2070		1	1			0	94350			0								226	AA	100	0		0.07			148.5	AA	100	0	0.04
27 Sat	15		0.7															0
28 Sun	15		0.693															0
29 Mon	15		0.698											17400				0
30 Tue	15		0.674	5.3	43	251	1712	2518		0.5	0.5			17000				0
31 Wed	15		2.437	6.1	39	230	1699	6100		3.5	3			14700				3.1
Sum	465		25.334	124.6	875	5392	36105	52068		24	16			278400	286850			5.55		664.5		3.03			8.14999963636364	3408	19.6	1193.51345826277	52.8194945454545		0.69			2080.5	23.3	1187.62929238098	62.6383281818182	0.588102987427153
Avg	15		0.817225806451613	5.66363636363636	39.7727272727273	245.090909090909	1641.13636363636	2366.72727272727		1.09090909090909	0.727272727272727			12104.347826087	95616.6666666667			0.179032258064516		166.125		0.7575			2.03749990909091	284	1.63333333333333	99.4594548552306	4.40162454545455		0.0575			173.375	1.94166666666667	98.9691076984149	5.21986068181818	0.0490085822855961
Max	15		2.437	6.2	45	264	1974	6100		3.5	3			18000	151800			3.1		192		0.98			2.67486545454545	386	6.4	100	16.8862254545455		0.15			312	4.4	100	11.60928	0.0798358876487032
Min	15		0.603	4.7	35	211	1502	1814		0	0			0	40700			0		140		0.57			1.50392945454545	214	0	97.6724137931035	0		0			120	0	97.0281124497992	0	0.0340414941803264

### September
Sep, 2005
AmericanBath	Target
MCRT
Days
	Actual
MCRT
Day
	Flow
MGD
Daily	Mixed
Liquor
DO
mg/l	Mixed
Liquor
30 min.
Settleable
%	SVI	MLSS
mg/l	RAS
TSS
MG/L
	WAS
Tss
MG/L
	Clarifier
Tank 1
Depth of
Blanket
Feet	Clarifier
Tank 2
Depth of
Blanket
Feet	WAS
Waste To
Digester
GPD
	Seed
Hauled
GPD
	WAS
Total
Wasted
GPD	Digester
Supernatant
GAL
	UV
Bank A
	UV
Bank B
	Precip
Inches
	Wind
Direction

	Alum
Used
GPD
	Influent
Total P
MG/L
	Effluent
Total P
MG/L
	Operations
Daily
PO-4
MG/L
	PO-4
%
Removal	Effluent
Phos
Loading
KG/Day
	Influent
TSS
MG/L
	Effluent
TSS
MG/L
	TSS
%
Removal	Effluent
TSS
Loading
KG/Day
	Influent
Nh3
MG/L
	Effluent
Nh3
MG/L
	NH-3
%
Removal	Effluent
NH3
Loading
KG/Day
	Influent
BOD
MG/L
	Effluent
BOD
MG/L
	BOD
%
Removal	Effluent
Bod
Loading
KG/Day
	F/M
Ratio

1 Thu	15		1.525	6.3	41	252	1629	2490		0.5	1			16000				0								424	AA	100	0		0.09			153	AA	100	0	0.091
2 Fri	15		0.895	6.6	46	283	1627	2236		1	1			18000	33300			0				1.12			3.8	156	AA	100	0		0.05			103.5	AA	100	0	0.036
3 Sat	15		0.67															0
4 Sun	15		0.729															0
5 Mon	15		0.765															0
6 Tue	15		0.748	6.1	45	247	1820	2756		0.5	0			18000				0
7 Wed	15		0.702	6.4	43	279	1541	2000		1	0.5			12000				0								312	4	98.7	10.64		0.07			180	4	97.8	10.64	0.052
8 Thu	15		0.715	6.2	41	274	1496	2206		1	0.5			15000				0		140						260	AA	100	0		0.09			148.5	AA	100	0	0.045
9 Fri	15		1.095	7.5	37	233	1588	2578		1	0.5			16900				0.75		201.25		0.46			1.91	190	4.8	97.5	19.93		0.09			114	AA	100	0	0.05
10 Sat	15		0.777															0
11 Sun	15		0.743															0
12 Mon	15		0.673	5.7	45	238	1887	2254		0	0			18400				0
13 Tue	15		0.69	5.4	39	233	1671	1668		0	0			10200				0
14 Wed	15		0.703	6.1	43	290	1479	2194		0	1			10000				0								276	3.8	98.6	10.13		0.06			217.5	4.9	97.7	13.06	0.066
15 Thu	15		0.748	5.9	44	262	1679	2182		0	0			0				0				0.43			1.22	192	AA	100	0		0.06			120	AA	100	0	0.034
16 Fri	15		1.377	6.1	39	226	1728	6126		1	2			15100				1.5								264	AA	100	0		0.05			156	AA	100	0	0.079
17 Sat	15		1.525															0
18 Sun	15		0.867															0
19 Mon	15		0.753	5.9	43	237	1811	2130		2	1.5			18800				0
20 Tue	15		0.821	6.1	48	299	1604	2404		0	0			12000				0.1
21 Wed	15		0.952	6.6	40	274	1461	1528		0	0.5			9000				0								364	6.8	98.1	24.54		0.11			156	5.2	96.7	18.77	0.065
22 Thu	15		0.732	6.6	43	293	1466	2002		1	1			15000				0		161.7						264	AA	100	0		0.11			147	AA	100	0	0.047
23 Fri	15		1.411	6.4	41	279	1470	4954		2	2.5			15400	18500			1.25		188.16		1.16			6.2	204	5.8	97.2	31.02		0.11			121.5	AA	100	0	0.074
24 Sat	15		1.446															0.1
25 Sun	15		1.761															0.5
26 Mon	15		5.761	6.9	33	257	1283	6554		3	3			11300				2.15
27 Tue	15		2.441	6.5	40	267	1500	3426		0.5	1.5			13000				0
28 Wed	15		1.214	6.2	37	247	1501	2656		1	0.5			15000				0			7.9					432	5.4	98.8	24.85		AA			153	4.1	97.3	18.87	0.079
29 Thu	15		1.3	7.3	36	263	1368	3600		1	0.5			11000				0.4
30 Fri	15		1.223	7	35	268	1306	2028		1	0.5			15000				0
Sum	450		35.762	133.8	859	5501	32915	59972		17.5	18			285100	51800			6.75		691.11	7.93	3.17			13.1336045454545	3338	30.6	1188.85355221124	121.11348		0.89			1770	18.2	1189.51183231913	61.3388045454545	0.719134949064528
Avg	15		1.19206666666667	6.37142857142857	40.9047619047619	261.952380952381	1567.38095238095	2855.80952380952		0.833333333333333	0.857142857142857			13576.1904761905	25900			0.225		172.7775	7.93	0.7925			3.28340113636364	278.166666666667	2.55	99.0711293509365	10.09279		0.0741666666666667			147.5	1.51666666666667	99.1259860265946	5.11156704545455	0.059927912422044
Max	15		5.761	7.5	48	299	1887	6554		3	3			18800	33300			2.15		201.25	7.93	1.16			6.20480836363636	432	6.8	100	31.0240418181818		0.11			217.5	5.2	100	18.8688709090909	0.0912887470993595
Min	15		0.67	5.4	33	226	1283	1528		0	0			0	18500			0		140	7.93	0.43			1.219308	156	0	97.156862745098	0		0			103.5	0	96.6666666666667	0	0.0340729082798762

### October
Oct, 2005
AmericanBath	Target
MCRT
Days
	Actual
MCRT
Day
	Flow
MGD
Daily	Mixed
Liquor
DO
mg/l	Mixed
Liquor
30 min.
Settleable
%	SVI	MLSS
mg/l	RAS
TSS
MG/L
	WAS
Tss
MG/L
	Clarifier
Tank 1
Depth of
Blanket
Feet	Clarifier
Tank 2
Depth of
Blanket
Feet	WAS
Waste To
Digester
GPD
	Seed
Hauled
GPD
	WAS
Total
Wasted
GPD	Digester
Supernatant
GAL
	UV
Bank A
	UV
Bank B
	Precip
Inches
	Wind
Direction

	Alum
Used
GPD
	Influent
Total P
MG/L
	Effluent
Total P
MG/L
	Operations
Daily
PO-4
MG/L
	PO-4
%
Removal	Effluent
Phos
Loading
KG/Day
	Influent
TSS
MG/L
	Effluent
TSS
MG/L
	TSS
%
Removal	Effluent
TSS
Loading
KG/Day
	Influent
Nh3
MG/L
	Effluent
Nh3
MG/L
	NH-3
%
Removal	Effluent
NH3
Loading
KG/Day
	Influent
BOD
MG/L
	Effluent
BOD
MG/L
	BOD
%
Removal	Effluent
Bod
Loading
KG/Day
	F/M
Ratio

1 Sat	15		0.921															0
2 Sun	15		0.873															0
3 Mon	15		0.837	6.8	30	230	1302	1806		1	0.5			0				0
4 Tue	15		0.821	6.8	30	216	1389	2006		1	0.5			0				0
5 Wed	15		0.818	6.5	35	240	1458	1698		1.5	0			0				0		210	7.6	1.17		84.61	3.63	684	7.6	98.9	23.57		0.05			178.5	7	96.1	21.71	0.064
6 Thu	15		0.823	6.4	35	245	1429	1880		1	0.5			0	57350			0								232	AA	100	0		0.07			148.5	AA	100	0	0.055
7 Fri	15		0.861	6.6	35	229	1531	1701		2	0			0				0								160	AA	100	0		0.08			126	AA	100	0	0.045
8 Sat	15		0.788															0
9 Sun	15		0.784															0
10 Mon	15		0.767															0
11 Tue	15		0.855	6.7	43	259	1658	2430		1	0.5			10000				0.2
12 Wed	15		0.837	5.8	45	199	2264	2542		1	1.5			10000				0.15								198	4	98	12.69		0.05			153	AA	100	0	0.036
13 Thu	15		0.797	6.2	39	229	1700	2308		2	1			10000	9250			0				0.68			2.05	292	AA	100	0		0.07			157.5	AA	100	0	0.047
14 Fri	15		0.728	7.3	45	268	1680	2136		0.5	1			10000				0.1								186	AA	100	0		AA			148.5	AA	100	0	0.041
15 Sat	15		0.648															0
16 Sun	15		0.718															0
17 Mon	15		0.803	6.7	51	279	1826	2512		1	0.5			10000				0
18 Tue	15		0.686	6.2	52	240	2163	2620		0	0			15400				0
19 Wed	15		0.928	7.4	52	289	1801	2376		1	0			10000				0				1.14			4.01	295	7.2	97.6	25.33		AA			174.2	4.2	97.6	14.78	0.057
20 Thu	15		0.721	6.9	46	261	1760	2442		2	0.5			10000				0								280	AA	100	0		AA			155	AA	100	0	0.04
21 Fri	15		0.953	7.1	45	259	1739	2486		1	0.5				37000			0.25								234	AA	100	0		AA			149.2	AA	100	0	0.052
22 Sat	15		0.963															0.25
23 Sun	15		0.805															0
24 Mon	15		1.511	6.6	53	250	2119	6586		3.5	3			12300				1.65
25 Tue	17		3.013	7.9	49	236	2075	4958		2.5	1			16400				0.6
26 Wed	17		1.592	7.6	49	257	1910	3274		2	2			0				0		201.4		0.27			1.63	210	6.4	97	38.62		1.1			160.9	AA	100	0	0.085
27 Thu	17		1.035	7.6	53	258	2057	2936		2	1			4000	5550			0								328	AA	100	0		AA			165	AA	100	0	0.053
28 Fri	17		0.788	7.3	46	212	2167	3138		0	0.5			10000				0								136	AA	100	0		AA			125	AA	100	0	0.029
29 Sat	17		0.848															0
30 Sun	17		0.786															0
31 Mon	17		0.816	7	51	259	1968	2878		0	1.5			10000				0
Sum	479		29.124	137.4	884	4915	35996	54713		26	16			138100	109150			3.2		411.4	7.6	3.26		84.6052631578947	11.3226114545455	3235	25.2	1191.38038985497	100.21344		1.42			1841.3	11.2	1193.66740955854	36.4821927272727	0.604775669661055
Avg	15.4516129032258		0.939483870967742	6.87	44.2	245.75	1799.8	2735.65		1.3	0.8			7268.42105263158	27287.5			0.103225806451613		205.7	7.6	0.815		84.6052631578947	2.83065286363636	269.583333333333	2.1	99.2816991545805	8.35112		0.118333333333333			153.441666666667	0.933333333333333	99.4722841298785	3.04018272727273	0.0503979724717546
Max	17		3.013	7.9	53	289	2264	6586		3.5	3			16400	57350			1.65		210	7.6	1.17		84.6052631578947	4.01047854545455	684	7.6	100	38.6248145454545		1.1			178.5	7	100	21.7067454545455	0.0854757256931584
Min	15		0.648	5.8	30	199	1302	1698		0	0			0	5550			0		201.4	7.6	0.27		84.6052631578947	1.62948436363636	136	0	96.952380952381	0		0			125	0	96.078431372549	0	0.0289703922591112

### November
Nov, 2005
AmericanBath	Target
MCRT
Days
	Actual
MCRT
Day
	Flow
MGD
Daily	Mixed
Liquor
DO
mg/l	Mixed
Liquor
30 min.
Settleable
%	SVI	MLSS
mg/l	RAS
TSS
MG/L
	WAS
Tss
MG/L
	Clarifier
Tank 1
Depth of
Blanket
Feet	Clarifier
Tank 2
Depth of
Blanket
Feet	WAS
Waste To
Digester
GPD
	Seed
Hauled
GPD
	WAS
Total
Wasted
GPD	Digester
Supernatant
GAL
	UV
Bank A
	UV
Bank B
	Precip
Inches
	Wind
Direction

	Alum
Used
GPD
	Influent
Total P
MG/L
	Effluent
Total P
MG/L
	Operations
Daily
PO-4
MG/L
	PO-4
%
Removal	Effluent
Phos
Loading
KG/Day
	Influent
TSS
MG/L
	Effluent
TSS
MG/L
	TSS
%
Removal	Effluent
TSS
Loading
KG/Day
	Influent
Nh3
MG/L
	Effluent
Nh3
MG/L
	NH-3
%
Removal	Effluent
NH3
Loading
KG/Day
	Influent
BOD
MG/L
	Effluent
BOD
MG/L
	BOD
%
Removal	Effluent
Bod
Loading
KG/Day
	F/M
Ratio

1 Tue	17		0.734	7	58	287	2020	3418		0	1.5			12400				0.35
2 Wed	17		1.066	6.7	50	248	2013	3102		0	0			12000				0								243	AA	100	0		0.052			139.2	AA	100	0	0.047
3 Thu	17		0.889	7.1	49	244	2011	2938		2.5	3			12000	37000			0		210		0.52			1.75	236	AA	100	0		AA			112.5	AA	100	0	0.032
4 Fri	17		0.761	7.3	52	293	1772	2396		1	0.5			10000				0								278	AA	100	0		AA			176.7	AA	100	0	0.048
5 Sat	17		0.648	AN	AN	AN	AN	AN		AN	AN			AN				0
6 Sun	17		0.74	AN	AN	AN	AN	AN		AN	AN			AN				0.15
7 Mon	20		2.304	6.7	53	292	1814	2246		2	1.5			10000				0
8 Tue	20		0.7	6.9	55	305	1802	2302		0.5	1			10000				0								242	7.6	96.9	20.17		AA			141.7	4	97.2	10.61	0.035
9 Wed	20		0.949	6.9	50	255	1964	3536		2	3.5			12000				0.4		175		0.89			3.2	264	5.2	98	18.71		0.082			139.2	AA	100	0	0.043
10 Thu	20		0.885	7.3	57	288	1981	2920		2	0.5			0	25900			0								623	AA	100	0		AA			159.2	AA	100	0	0.045
11 Fri	20		0.714	AN	AN	AN	AN	AN		AN	AN			AN				0
12 Sat	20		0.711	AN	AN	AN	AN	AN		AN	AN			AN				0
13 Sun	20		0.693	AN	AN	AN	AN	AN		AN	AN			AN				0.1
14 Mon	20		0.789	7	65	322	2016	2422		2	0.5			0				0
15 Tue	20		0.903	7.7	60	299	2007	2840		2	2			12100				0.55
16 Wed	20		3.044	7.8	52	276	1885	6398		4	3.5			13400				1.45								274	8.6	96.9	99.24		AA			116.7	4.7	96	54.24	0.12
17 Thu	20		1.799	8	60	300	2003	3448		3	2			12000	18500			0.15				0.63			4.3	172	AA	100	0		AA			66.7	AA	100	0	0.038
18 Fri	20		1.127	7.6	59	283	2084	3328		2	2			15000				0								240	AA	100	0		AA			116.7	AA	100	0	0.04
19 Sat	20		0.806	AN	AN	AN	AN	AN		AN	AN			AN				0
20 Sun	20		0.801	AN	AN	AN	AN	AN		AN	AN			AN				0
21 Mon	20	20	0.882	7.5	52	251	2074	3222	5696	0.5	0.5			28200				0
22 Tue	20	20	0.802	7.9	55	286	1925	3034	4424	1	0.5			34000	3700			0								327	AA	100	0		AA			176.7	AA	100	0	0.047
23 Wed	20	20	0.713	8	44	254	1731	2718	4235	1.5	0			32000	20350			0		184.03		0.66			1.78	318	AA	100	0		AA			135	AA	100	0	0.035
24 Thu	20		0.823	AN	AN	AN	AN	AN	AN	AN	AN			AN				0.1
25 Fri	20		0.905	AN	AN	AN	AN	AN	AN	AN	AN			AN				0
26 Sat	20		0.681	AN	AN	AN	AN	AN	AN	AN	AN			AN				0
27 Sun	20		0.74	AN	AN	AN	AN	AN	AN	AN	AN			AN				0.25
28 Mon	20	20	0.915	6.8	55	267	2057	1822	4743	1.5	1			34000				0.1								202	3.6	98.2	12.49		AA			122.5	AA	100	0	0.035
29 Tue	20	19	2.609	7.8	47	264	1780	4344	8103	3	2			18000				1.6
30 Wed	20	21	2.053	8.4	46	255	1804	4348	6226	0.5	0.5			22000				0
Sum	582	120.205715728434	32.186	140.4	1019	5269	36743	60782	33427	31	26			299100	105450			5.2		569.03		2.7			11.0347298181818	3419	25	1189.96894281333	150.602203636364		0.134			1602.8	8.7	1193.14971405488	64.8503236363636	0.565930145794848
Avg	19.4	20.034285954739	1.07286666666667	7.38947368421053	53.6315789473684	277.315789473684	1933.84210526316	3199.05263157895	5571.16666666667	1.63157894736842	1.36842105263158			15742.1052631579	21090			0.173333333333333		189.676666666667		0.675			2.75868245454545	284.916666666667	2.08333333333333	99.1640785677771	12.5501836363636		0.0111666666666667			133.566666666667	0.725	99.4291428379068	5.40419363636364	0.047160845482904
Max	20	20.6646321876004	3.044	8.4	65	322	2084	6398	8103	4	3.5			34000	37000			1.6		210		0.89			4.29650263636364	623	8.6	100	99.2399345454545		0.082			176.7	4.7	100	54.2357781818182	0.120110563926744
Min	17	19.1480521617508	0.648	6.7	44	244	1731	1822	4235	0	0			0	3700			0		175		0.52			1.75246145454545	172	0	96.8595041322314	0		0			66.7	0	95.9725792630677	0	0.0316970809686305

### December
Dec, 2005
AmericanBath	Target
MCRT
Days
	Actual
MCRT
Day
	Flow
MGD
Daily	Mixed
Liquor
DO
mg/l	Mixed
Liquor
30 min.
Settleable
%	SVI	MLSS
mg/l	RAS
TSS
MG/L
	WAS
Tss
MG/L
	Clarifier
Tank 1
Depth of
Blanket
Feet	Clarifier
Tank 2
Depth of
Blanket
Feet	WAS
Waste To
Digester
GPD
	Seed
Hauled
GPD
	WAS
Total
Wasted
GPD	Digester
Supernatant
GAL
	UV
Bank A
	UV
Bank B
	Precip
Inches
	Wind
Direction

	Alum
Used
GPD
	Influent
Total P
MG/L
	Effluent
Total P
MG/L
	Operations
Daily
PO-4
MG/L
	PO-4
%
Removal	Effluent
Phos
Loading
KG/Day
	Influent
TSS
MG/L
	Effluent
TSS
MG/L
	TSS
%
Removal	Effluent
TSS
Loading
KG/Day
	Influent
Nh3
MG/L
	Effluent
Nh3
MG/L
	NH-3
%
Removal	Effluent
NH3
Loading
KG/Day
	Influent
BOD
MG/L
	Effluent
BOD
MG/L
	BOD
%
Removal	Effluent
Bod
Loading
KG/Day
	F/M
Ratio

1 Thu	20	10	1.225	9.2	46	243	1895	3494	10226	1	1			28500				0				1.04			4.83	211	4.4	97.9	20.43		AA			120.9	AA	100	0	0.05
2 Fri	20	10	1.027	8.6	38	219	1738	3034	9782	1	0.5			28000				0								222	AA	100	0		AA			100	AA	100	0	0.038
3 Sat	20		0.868	AN	AN	AN	AN	AN	AN	AN	AN							0
4 Sun	20		0.906	AN	AN	AN	AN	AN	AN	AN	AN							0.2
5 Mon	20	10	0.881	8.8	40	237	1686	2066	9548	1	0.5			27000				0
6 Tue	20		0.844	9	40	258	1548	2856	8390	1.5	0.5			0				0
7 Wed	20	16	0.8	9.1	40	243	1646	2774	8112	0.5	1			20000				0								512	AA	100	0		AA			265	AA	100	0	0.082
8 Thu	20	20	0.738	9.4	44	272	1616	2794	7066	2	0			18000				0								256	AA	100	0		AA			127.5	AA	100	0	0.037
9 Fri	20	20	0.76	9.2	38	237	1601	1576	6204	2	0.5			20000				0.5		183.88		0.38			1.09	45	AA	100	0		AA			120.9	AA	100	0	0.037
10 Sat	20		0.695	AN	AN	AN	AN	AN	AN	AN	AN			AN				0
11 Sun	20		0.791	AN	AN	AN	AN	AN	AN	AN	AN			AN				0
12 Mon	20		0.877	9.3	48	337	1425	2958	8776	1.5	0.5			0	96200			0
13 Tue	20	20	0.855	9.8	46	272	1690	2522	8682	1	0.5			15000				0
14 Wed	20	20	0.746	8.8	43	255	1686	1988	8644	0.5	0.5			15000				0								353	7.2	98	20.36		AA			159.2	AA	100	0	0.045
15 Thu	20	20	0.733	8.6	38	243	1567	2478	7608	1	0.5			16000				0								352	6.6	98.1	18.34		AA			156.7	AA	100	0	0.047
16 Fri	20	27	1.104	8.6	40	244	1636	2492	5982	1	2			16000				0.8		183.75		0.79			3.31	536	3.8	99.3	15.9		0.08			159.2	AA	100	0	0.068
17 Sat	20		1.064	AN	AN	AN	AN	AN	AN	AN	AN			AN				0
18 Sun	20		0.905	AN	AN	AN	AN	AN	AN	AN	AN			AN				0
19 Mon	20	15	0.884	8.7	45	261	1274	3170	7994	1.5	1			17000				0
20 Tue	20	20	0.834	9.2	42	261	1612	2436	7754	1.5	0.5			16000				0
21 Wed	20	20	0.772	9.2	45	282	1594	2240	8816	1	1			14000				0								364	5.4	98.5	15.8		0.073			175	AA	100	0	0.054
22 Thu	20		0.787	9	38	222	1715	1824	1176	1	1			0	69050			0								449	4.4	99	13.13		AA			168	AA	100	0	0.049
23 Fri	20		0.866	9	42	277	1514	2408		0	0			20000				0				0.88			2.89	278	4.8	98.3	15.76		AA			233	AA	100	0	0.085
24 Sat	20		0.945	AN	AN	AN	AN	AN	AN	AN	AN			AN				0.25
25 Sun	20		1.799	AN	AN	AN	AN	AN	AN	AN	AN			AN				0.6
26 Mon	20		2.902	AN	AN	AN	AN	AN	AN	AN	AN			AN				0
27 Tue	20	28	2.376	10.1	39	203	1917	4154	7178	0	1.5			15000				0									6		54.04		0.066				3.9		35.13
28 Wed	20	19	2.031	11.1	37	201	1835	4318	10884	1.5	0.5			13800				0								104								111				0.078
29 Thu	20	21	3.093	11.7	34	215	1885	5944	14660	2	1.5			9600				1.1
30 Fri	20	20	2.774	9.3	34	173	1961	4008	14840	0	0			10500				0.1
31 Sat	20		1.818	AN	AN	AN	AN	AN	AN	AN	AN			AN				0.3
Sum	620	317.520320146213	37.7	195.7	857	5155	35041	61534	172322	22.5	15			319400	165250			3.85		367.63		3.09			12.119688	3682	42.6	1089.10098601747	173.769965454545		0.219			1896.4	3.9	1100	35.12808	0.669734100596122
Avg	20	18.6776658909537	1.21612903225806	9.31904761904762	40.8095238095238	245.47619047619	1668.61904761905	2930.19047619048	8616.1	1.07142857142857	0.714285714285714			15209.5238095238	82625			0.124193548387097		183.815		0.7725			3.029922	306.833333333333	3.55	99.0091805470425	14.4808304545455		0.01825			158.033333333333	0.325	100	2.92734	0.0558111750496768
Max	20	27.9351072722207	3.093	11.7	48	337	1961	5944	14840	2	2			28500	96200			1.1		183.88		1.04			4.82961818181818	536	7.2	100	54.0432		0.08			265	3.9	100	35.12808	0.0849424912838155
Min	20	9.95604901130356	0.695	8.6	34	173	1274	1576	1176	0	0			0	69050			0		183.75		0.38			1.09481454545455	45	0	97.914691943128	0		0			100	0	100	0	0.0365784768840698
