### January
Jan, 2006
AmericanBath	Target
MCRT
Days
	Actual
MCRT
Day
	Flow
MGD
Daily	Mixed
Liquor
DO
mg/l	Mixed
Liquor
30 min.
Settleable
%	SVI	MLSS
mg/l	RAS
TSS
MG/L
	WAS
Tss
MG/L
	Clarifier
Tank 1
Depth of
Blanket
Feet	Clarifier
Tank 2
Depth of
Blanket
Feet	WAS
Waste To
Digester
GPD
	Seed
Hauled
GPD
	WAS
Total
Wasted
GPD	Digester
Supernatant
GAL
	UV
Bank A
	UV
Bank B
	Precip
Inches
	Wind
Direction

	Alum
Used
GPD
	Influent
Total P
MG/L
	Effluent
Total P
MG/L
	Operations
Daily
PO-4
MG/L
	PO-4
%
Removal	Effluent
Phos
Loading
KG/Day
	Influent
TSS
MG/L
	Effluent
TSS
MG/L
	TSS
%
Removal	Effluent
TSS
Loading
KG/Day
	Influent
Nh3
MG/L
	Effluent
Nh3
MG/L
	NH-3
%
Removal	Effluent
NH3
Loading
KG/Day
	Influent
BOD
MG/L
	Effluent
BOD
MG/L
	BOD
%
Removal	Effluent
Bod
Loading
KG/Day
	F/M
Ratio

1 Sun	20		2.065															0.1
2 Mon	20		1.914															0.9
3 Tue	20		3.37	8.9	38	190	1995	4840	14108	2.5	2.5			0				0.25
4 Wed	20	21	1.984	6.6	37	178	2075	3236	8054	1	1.5			19000	53650			0.1		0		0.6			4.51	192	6.2	96.8	46.63		AA		0	116.7	AA	100	0	0.071
5 Thu	20	19	1.52	8.6	40	194	2067	3076	16734	0.5	1			10000				0.05								378	3.6	99	20.74		AA		0	121.7	AA	100	0	0.057
6 Fri	20	29	1.386	8.6	36	176	2045	3600	7276	0.5	0.5			15000	44400			0.15								98	AA	100	0		AA		0	100	AA	100	0	0.043
7 Sat	20		1.215															0
8 Sun	20		1.165															0
9 Mon	20	20	0.976	8.4	40	193	2073	3030	9164	1	1			18000				0
10 Tue	20	28	0.977	8.2	41	188	2181	2620	9514	1	0.5			13000				0
11 Wed	20	20	1.045	8.1	40	200	2003	3530	13968	1	1.5			11000				0.3				0.83			3.29	286	5.4	98.1	21.39		0.1		0.4	164.2	AA	100	0	0.055
12 Thu	20	20	1.261	8.2	38	195	1953	2380	10702	0.5	0			14000				0.1								202	5.2	97.4	24.86		AA		0	109.2	AA	100	0	0.045
13 Fri	20	21	1.066	8.3	31	158	1963	3196	11306	0.5	0.5			13000	55500			0.25								135	AA	100	0		AA		0	140	AA	100	0	0.048
14 Sat	20		1.81															0
15 Sun	20		1.373															0
16 Mon	20		1.088															0
17 Tue	20	18	1.151	7.8	41	194	2110	3601	12924	3	2			14000				0.1
18 Wed	20	20	2.513	8.6	40	221	1811	2349	11812	1	2			12000				0.6			2.3	0.74		67.83	7.05	143	AA	100	0		0.3		2.86	73.3	AA	100	0	0.065
19 Thu	20	20	1.898	9.1	38	168	2262	3250	12240	0	1.5			14700				0								128	6.8	94.7	48.93		AA		0	80	AA	100	0	0.043
20 Fri	20		2.142															0								80	5	93.7	40.6		AA		0	66.7	AA	100	0
21 Sat	20		1.601															0.15
22 Sun	20		1.409															0
23 Mon	20	21	1.232	8.5	42	186	2255	3482	10586	1	1			16000				0
24 Tue	20	20	1.137	8.4	44	212	2076	2726	10240	1	1			16000	79550			0
25 Wed	20	20	1.151	8.8	47	229	2048	2424	9942	1	1			16000				0				0.84			3.67	567	6.2	98.9	27.05		AA		0	131.7	AA	100	0	0.047
26 Thu	20	18	1.028	9.1	50	241	2079	2568	9806	1	1.5			19000				0.1								280	4.2	98.5	16.37	2.8	AA	100	0	125	AA	100	0	0.039
27 Fri	18	18	0.94	9	47	239	1964	2634	12260	1	0.5			14000				0								206	4.2	98	14.97		AA		0	145.9	AA	100	0	0.045
28 Sat	18		0.957															0
29 Sun	18		1.063															0.2
30 Mon	18	19	1.514	8.3	51	238	2147	3654	8896	1	2			20000				0.2
31 Tue	18		1.234															0
Sum	610	352.734458888177	45.185	151.5	741	3600	37107	56196	199532	18.5	21.5			254700	233100			3.55		0	2.3	3.01		67.8260869565217	18.5155960909091	2695	46.8	1175.16127368883	261.539367272727	2.8	0.4	100	3.25411636363636	1374.4	0	1200	0	0.558028264870194
Avg	19.6774193548387	20.7490858169516	1.45758064516129	8.41666666666667	41.1666666666667	200	2061.5	3122	11085.1111111111	1.02777777777778	1.19444444444444			14150	58275			0.114516129032258		0	2.3	0.7525		67.8260869565217	4.62889902272727	224.583333333333	3.9	97.9301061407362	21.7949472727273	2.8	0.0333333333333333	100	0.271176363636364	114.533333333333	0	100	0	0.0507298422609267
Max	20	29.3989829576691	3.37	9.1	51	241	2262	4840	16734	3	2.5			20000	79550			0.9		0	2.3	0.84		67.8260869565217	7.04965036363636	567	6.8	100	48.9269890909091	2.8	0.3	100	2.85796636363636	164.2	0	100	0	0.0711166808726301
Min	18	17.5078147643226	0.94	6.6	31	158	1811	2349	7276	0	0			0	44400			0		0	2.3	0.6		67.8260869565217	3.288045	80	0	93.75	0	2.8	0	100	0	66.7	0	100	0	0.0393936021724422

### February
Feb, 2006
AmericanBath	Target
MCRT
Days
	Actual
MCRT
Day
	Flow
MGD
Daily	Mixed
Liquor
DO
mg/l	Mixed
Liquor
30 min.
Settleable
%	SVI	MLSS
mg/l	RAS
TSS
MG/L
	WAS
Tss
MG/L
	Clarifier
Tank 1
Depth of
Blanket
Feet	Clarifier
Tank 2
Depth of
Blanket
Feet	WAS
Waste To
Digester
GPD
	Seed
Hauled
GPD
	WAS
Total
Wasted
GPD	Digester
Supernatant
GAL
	UV
Bank A
	UV
Bank B
	Precip
Inches
	Wind
Direction

	Alum
Used
GPD
	Influent
Total P
MG/L
	Effluent
Total P
MG/L
	Operations
Daily
PO-4
MG/L
	PO-4
%
Removal	Effluent
Phos
Loading
KG/Day
	Influent
TSS
MG/L
	Effluent
TSS
MG/L
	TSS
%
Removal	Effluent
TSS
Loading
KG/Day
	Influent
Nh3
MG/L
	Effluent
Nh3
MG/L
	NH-3
%
Removal	Effluent
NH3
Loading
KG/Day
	Influent
BOD
MG/L
	Effluent
BOD
MG/L
	BOD
%
Removal	Effluent
Bod
Loading
KG/Day
	F/M
Ratio

1 Wed	18	18	1.016	9.1	50	240	2082	3272	7488	1	1			24000				0				0.89			3.43	385	3.8	99	14.64		0.056		0.22	274.2	AA	100	0	0.085
2 Thu	18	18	0.994	8.5	46	218	2111	3266	10142	1	1			18000				0								240	3.6	98.5	13.57		AA		0	134.2	AA	100	0	0.04
3 Fri	18	14	2.192	8.6	40	218	1838	2435	20122	1	1			10000				0.8								168	4.4	97.4	36.56		AA		0	93.4	AA	100	0	0.071
4 Sat	18		3.03	AN	AN	AN	AN	AN	AN	AN	AN			AN				0.8
5 Sun	18		2.191	AN	AN	AN	AN	AN	AN	AN	AN			AN				0.2
6 Mon	18	27	2.188	9.5	53	232	2286	3380	11612	3	1.5			11612				0
7 Tue	18	37	1.642	9.5	41	197	2076	2825	11512	1	2			7700	7400			0
8 Wed	18	18	1.267	10.2	51	260	1961	3700	9072	0.5	1			18700				0			3.4	0.92		72.94	4.42	298	6.6	97.8	31.7		AA		0	148.4	AA	100	0	0.061
9 Thu	18	34	1.207	9.5	50	239	2090	3420	10568	0.5	1			9000				0								294	4.4	98.5	20.13		AA		0	106.7	AA	100	0	0.039
10 Fri	18	18	1.107	9.4	49	251	1951	3096	7958	0.5	1.5			21000				0								190	4	97.9	16.79		AA		0	98.4	AA	100	0	0.036
11 Sat	18		1.044	AN	AN	AN	AN	AN	AN	AN	AN			AN				0
12 Sun	18		1.152	AN	AN	AN	AN	AN	AN	AN	AN			AN				0.1
13 Mon	18	15	1.187	8.8	46	240	1915	2536	10928	1	1			18200				0.1
14 Tue	18	18	1.099	8.5	44	243	1812	2170	9686	1	1			16000				0
15 Wed	18	14	1.143	8.6	43	244	1762	2988	18758	0	1			10800	57350			0			3.3	0.96		70.82	4.16	263	7.8	97	33.8		AA		0	100.9	AA	100	0	0.042
16 Thu	18	17	1.259	8.7	42	221	1901	3258	12316	2	1			14000				0.25								222	4.2	98.1	20.05		AA		0	80	AA	100	0	0.034
17 Fri	18	18	2.562	9.1	36	190	1895	3552	10826	0.5	1.5			15000				0.7								119	3.6	97	34.96		AA		0	95	AA	100	0	0.082
18 Sat	18		1.905	AN	AN	AN	AN	AN	AN	AN	AN			AN				0
19 Sun	18		1.494	AN	AN	AN	AN	AN	AN	AN	AN			AN				0
20 Mon	18		1.129	AN	AN	AN	AN	AN	AN	AN	AN			AN				0
21 Tue	18	17	1.129	8.8	52	285	1824	2938	11454	0.5	3.5			14400				0
22 Wed	18	18	1.023	9.1	44	227	1938	2926	10278	0.5	1			16000				0			4.4	1.04		76.36	4.03	343	AA	100	0	3.4	AA	100	0	126.7	AA	100	0	0.043
23 Thu	18	19	1.005	8.7	41	218	1881	1770	8804	1	0.5			18000	11100			0								246	AA	100	0		AA		0	120.9	AA	100	0	0.041
24 Fri	18		0.96	8.5	39	199	1956	2956	10234	0.5	1			0	74000			0								182	AA	100	0		AA		0	93.4	AA	100	0	0.029
25 Sat	18		1.035	AN	AN	AN	AN	AN	AN	AN	AN			AN				0
26 Sun	18		0.965	AN	AN	AN	AN	AN	AN	AN	AN			AN				0
27 Mon	18	18	0.94	8.5	54	272	1986	2990	10358	1	1			17000				0
28 Tue	18	18	0.974	8.7	44	220	2000	2914	8278	1	1			21000				0		305.9
Sum	504	357.847924807228	38.839	170.3	865	4414	37265	56392	210394	17.5	23.5			280412	149850			2.95		305.9	11.09	3.81		220.125481527234	16.0396396363636	2950	42.4	1181.19443105231	222.190489090909	3.4	0.056	100	0.215687563636364	1472.2	0	1200	0	0.602875131245943
Avg	18	19.8804402670682	1.38710714285714	8.96315789473684	45.5263157894737	232.315789473684	1961.31578947368	2968	11073.3684210526	0.921052631578947	1.23684210526316			14758.5263157895	37462.5			0.105357142857143		305.9	3.69666666666667	0.9525		73.3751605090779	4.00990990909091	245.833333333333	3.53333333333333	98.4328692543593	18.5158740909091	3.4	0.00466666666666667	100	0.0179739636363636	122.683333333333	0	100	0	0.0502395942704952
Max	18	36.7458913567322	3.03	10.2	54	285	2286	3700	20122	3	3.5			24000	74000			0.8		305.9	4.4	1.04		76.3636363636364	4.41883527272727	385	7.8	100	36.56256	3.4	0.056	100	0.215687563636364	274.2	0	100	0	0.0852820221767935
Min	18	13.6464145668219	0.94	8.5	36	190	1762	1770	7488	0	0.5			0	7400			0		305.9	3.29	0.89		70.8206686930091	3.42789163636364	119	0	96.9747899159664	0	3.4	0	100	0	80	0	100	0	0.0292163739946119

### March
Mar, 2006
AmericanBath	Target
MCRT
Days
	Actual
MCRT
Day
	Flow
MGD
Daily	Mixed
Liquor
DO
mg/l	Mixed
Liquor
30 min.
Settleable
%	SVI	MLSS
mg/l	RAS
TSS
MG/L
	WAS
Tss
MG/L
	Clarifier
Tank 1
Depth of
Blanket
Feet	Clarifier
Tank 2
Depth of
Blanket
Feet	WAS
Waste To
Digester
GPD
	Seed
Hauled
GPD
	WAS
Total
Wasted
GPD	Digester
Supernatant
GAL
	UV
Bank A
	UV
Bank B
	Precip
Inches
	Wind
Direction

	Alum
Used
GPD
	Influent
Total P
MG/L
	Effluent
Total P
MG/L
	Operations
Daily
PO-4
MG/L
	PO-4
%
Removal	Effluent
Phos
Loading
KG/Day
	Influent
TSS
MG/L
	Effluent
TSS
MG/L
	TSS
%
Removal	Effluent
TSS
Loading
KG/Day
	Influent
Nh3
MG/L
	Effluent
Nh3
MG/L
	NH-3
%
Removal	Effluent
NH3
Loading
KG/Day
	Influent
BOD
MG/L
	Effluent
BOD
MG/L
	BOD
%
Removal	Effluent
Bod
Loading
KG/Day
	F/M
Ratio

1 Wed	18	18	0.888	8.6	48	246	1951	2992	9604	1	1			17800				0			6.7	1		85.07	3.37	312	3.8	98.8	12.79		AA		0	150	AA	100	0	0.044
2 Thu	18	21	0.903	8.5	45	239	1880	2682	7086	2	1			20000				0								372	3.6	99	12.32		AA		0	163.4	AA	100	0	0.05
3 Fri	18	18	0.909	8.6	45	248	1815	2720	8038	1.5	2			20000				0								209	AA	100	0	5.6	AA	100	0	147.5	AA	100	0	0.047
4 Sat	18		0.952	AN	AN	AN	AN	AN	AN	AN	AN			AN				0
5 Sun	18		0.94	AN	AN	AN	AN	AN	AN	AN	AN			AN				0
6 Mon	18	30	0.922	8.2	45	247	1819	2148	6406	1.5	2			15000				0.1
7 Tue	18		0.967	8.9	46	247	1866	2910	10140	1	1			0	83250			0.2
8 Wed	18	18	0.992	8.6	49	237	2067	2870	10368	2	2			17400	22200			0			11.6	1.24		89.31	4.66	525	AA	100	0	2.4	AA	100	0	159.2	AA	100	0	0.049
9 Thu	18	18	0.981	8.2	49	239	2046	3212	9644	1.5	1.5			18000				0.15								382	4.4	98.8	16.36		AA		0	147.5	AA	100	0	0.045
10 Fri	18	17	2.092	8.5	42	195	2154	4938	12976	2	1.5			15100				0.7								117	5	95.7	39.65		AA		0	70.9	AA	100	0	0.044
11 Sat	18		1.88	AN	AN	AN	AN	AN	AN	AN	AN			AN				0.1
12 Sun	18		1.909	AN	AN	AN	AN	AN	AN	AN	AN			AN				0.5
13 Mon	18	59	2.427	8	50	238	2100	4550	15874	1	1.5			3500				0.15
14 Tue	18	24	2.043	8.6	49	231	2123	3980	7060	1.5	1.5			20000				0.2
15 Wed	18	18	1.361	8.5	50	226	2216	3338	11468	1	1			16800				0		157.85		0.52			2.68	280	7.4	97.4	38.18		AA		0	110.9	AA	100	0	0.043
16 Thu	18	18	1.109	8.6	59	266	2217	3244	9438	1	1			20500				0			7.5	0.5		93.31	2.1	316	AA	100	0		AA		0	115	AA	100	0	0.037
17 Fri	18	43	1.077	9	52	235	2204	3548	4952	0.5	1.5			16200				0								138	AA	100	0		AA		0	103.4	AA	100	0	0.032
18 Sat	18		0.971	AN	AN	AN	AN	AN	AN	AN	AN			AN				0
19 Sun	18		0.993	AN	AN	AN	AN	AN	AN	AN	AN			AN				0
20 Mon	18	41	0.955	8.6	50	226	2210	3232	4198	1	2			20000				0
21 Tue	18		0.935	8.8	50	235	2125	2400	10508	0.5	1			0	103600			0
22 Wed	18	18	1.07	10.8	48	214	2210	2992	11818	1	1.5			16000	31420			0								193	3.8	98	15.41		AA		0	116.7	AA	100	0	0.036
23 Thu	18	18	0.878	8.7	55	246	2238	3146	11422	1	1			17000				0		157.5	5.2	0.96		81.54	3.2	184	AA	100	0		AA		0	111.7	AA	100	0	0.028
24 Fri	18	18	1.092	8.3	58	282	2059	3230	15296	1	0			12000				0			4.1					705	AA	100	0	4.09	AA	100	0	208.4	AA	100	0	0.07
25 Sat	18		0.902	AN	AN	AN	AN	AN	AN	AN	AN			AN				0.1
26 Sun	18		0.579	AN	AN	AN	AN	AN	AN	AN	AN			AN				0.2
27 Mon	16	16	0.838	8.2	59	261	2261	3022	9838	1	1.5			23000				0
28 Tue	16	16	0.746	8.2	53	245	2166	2340	11202	1	1			19000				0.2
29 Wed	16	17	0.993	8.3	56	270	2074	2354	24524	1	1			8000				0.15
30 Thu	16	32	1.054	8.4	46	217	2115	1388	6820	0	1			15000				0
31 Fri	16	18	0.527	8.7	43	204	2110	2732	11648	1	0.5			16000				0
Sum	548	495.635381213186	34.885	197.8	1147	5494	48026	69968	240328	26	29			346300	240470			2.75		315.35	35.06	4.22		349.229992803339	16.0096914545455	3733	28	1187.77720355237	134.725118181818	12.09	0	300	0	1604.6	0	1200	0	0.524937861982919
Avg	17.6774193548387	23.6016848196755	1.12532258064516	8.6	49.8695652173913	238.869565217391	2088.08695652174	3042.08695652174	10449.0434782609	1.1304347826087	1.26086956521739			15056.5217391304	60117.5			0.0887096774193549		157.675	7.012	0.844		87.3074982008348	3.20193829090909	311.083333333333	2.33333333333333	98.9814336293646	11.2270931818182	4.03	0	100	0	133.716666666667	0	100	0	0.0437448218319099
Max	18	59.3045231195666	2.427	10.8	59	282	2261	4938	24524	2	2			23000	103600			0.7		157.85	11.6	1.24		93.3065595716198	4.66312145454546	705	7.4	100	39.6529090909091	5.6	0	100	0	208.4	0	100	0	0.0704435222132558
Min	16	15.6779347163174	0.527	8	42	195	1815	1388	4198	0	0			0	22200			0		157.5	4.09	0.5		81.5384615384615	2.10205909090909	117	0	95.7264957264957	0	2.4	0	100	0	70.9	0	100	0	0.0279295966135657

### April
Apr, 2006
AmericanBath	Target
MCRT
Days
	Actual
MCRT
Day
	Flow
MGD
Daily	Mixed
Liquor
DO
mg/l	Mixed
Liquor
30 min.
Settleable
%	SVI	MLSS
mg/l	RAS
TSS
MG/L
	WAS
Tss
MG/L
	Clarifier
Tank 1
Depth of
Blanket
Feet	Clarifier
Tank 2
Depth of
Blanket
Feet	WAS
Waste To
Digester
GPD
	Seed
Hauled
GPD
	WAS
Total
Wasted
GPD	Digester
Supernatant
GAL
	UV
Bank A
	UV
Bank B
	Precip
Inches
	Wind
Direction

	Alum
Used
GPD
	Influent
Total P
MG/L
	Effluent
Total P
MG/L
	Operations
Daily
PO-4
MG/L
	PO-4
%
Removal	Effluent
Phos
Loading
KG/Day
	Influent
TSS
MG/L
	Effluent
TSS
MG/L
	TSS
%
Removal	Effluent
TSS
Loading
KG/Day
	Influent
Nh3
MG/L
	Effluent
Nh3
MG/L
	NH-3
%
Removal	Effluent
NH3
Loading
KG/Day
	Influent
BOD
MG/L
	Effluent
BOD
MG/L
	BOD
%
Removal	Effluent
Bod
Loading
KG/Day
	F/M
Ratio

1 Sat	16		1.02	AN	AN	AN	AN	AN	AN	AN	AN			AN				0.3
2 Sun	16		1.945	AN	AN	AN	AN	AN	AN	AN	AN			AN				0
3 Mon	16		1.591	7.6	50	227	2206	4156	11932	2	1			0	66600			0.45
4 Tue	16	16	1.403	8.5	59	273	2163	3298	12682	1	1			16700	37000			0.1
5 Wed	16	16	1.013	8.5	52	236	2200	2882	11652	1	2			18800				0		148.75	8.6	0.98		88.6	3.76	461	4.2	99.1	16.13	12.7	0.052	99.6	0.2	338.3	AA	100	0	0.099
6 Thu	16	16	0.876	8.3	54	255	2120	3032	10112	0.5	0.5			20400				0								240	AA	100	0		AA		0	115	AA	100	0	0.03
7 Fri	16	16	0.994	8	46	224	2057	3052	20242	1	0.5			10000				0.25								158	AA	100	0		AA		0	140	AA	100	0	0.043
8 Sat	16		1.147	AN	AN	AN	AN	AN	AN	AN	AN			AN				0.2
9 Sun	16		0.96	AN	AN	AN	AN	AN	AN	AN	AN			AN				0
10 Mon	15	18	0.856	8	52	237	2194	2988	9328	1	0.5			20000				0
11 Tue	15	16	0.856	8.5	46	230	1997	2300	9550	1	0.5			20000				0
12 Wed	15	17	0.788	7.4	45	228	1976	2462	9370	1	0.5			20000				0		157.5		0.93			2.78	224	3.6	98.4	10.75	7.63	AA	100	0	135	AA	100	0	0.034
13 Thu	15	26	0.782	8	46	247	1861	2288	7578	1	0.5			15000				0								183	AA	100	0		AA		0	127.5	AA	100	0	0.034
14 Fri	15		0.84	7.5	38	199	1907	2774	12876	1	0.5			0				0.25								158	AA	100	0		AA		0	155	AA	100	0	0.044
15 Sat	15		1.077	AN	AN	AN	AN	AN	AN	AN	AN			AN				0.25
16 Sun	15		0.997	AN	AN	AN	AN	AN	AN	AN	AN			AN				0
17 Mon	15	15	1.166	7.2	44	223	1975	3096	15952	1	0.5			13000				0.35
18 Tue	15	15	1.122	7.9	45	220	2047	2916	13094	0.5	0.5			16200				0
19 Wed	15	15	0.91	7.5	47	235	2000	2556	9216	0.5	0.5			22500				0		157.5		1.17			4.04	228	4.4	98.1	15.18		AA		0	160	3	98.1	10.35	0.046
20 Thu	15	15	0.805	8	42	202	2077	2676	9444	2	1.5			23600				0		157.5						160	AA	100	0		AA		0	155.9	AA	100	0	0.039
21 Fri	15	15	0.734	7.5	40	214	1867	1936	9034	1	1			21600				0								180	AA	100	0		AA		0	109.2	AA	100	0	0.027
22 Sat	15		0.724	AN	AN	AN	AN	AN	AN	AN	AN			AN				0
23 Sun	15		0.76	AN	AN	AN	AN	AN	AN	AN	AN			AN				0.1
24 Mon	15	15	0.835	7.4	43	225	1913	2766	9870	1.5	0.5			20000		4.5	0	0
25 Tue	15	15	0.724	7.5	35	189	1854	2514	11594	0.5	1.5			17000		4.3	2.4	0
26 Wed	15	15	1.129	8.3	37	207	1786	2896	9100	0.5	1			20000		0	2.6	0.45		166.25	5.8	0.68		88.26	2.91	128	3.8	97	16.26	19.2	0.054	99.7	0.23	158.4	3.9	97.5	16.69	0.064
27 Thu	15	15	0.811	8.1	37	220	1685	2750	15830	0.5	0.5			11000		0	2.6	0								123	AA	100	0		AA		0	179.2	AA	100	0	0.055
28 Fri	15	15	0.768	8.8	36	210	1715	2800	8852	1	0.5			20300		0	2.6	0								534	AA	100	0		AA		0	205.9	AA	100	0	0.059
29 Sat	15		0.699	AN	AN	AN	AN	AN	AN	AN	AN			AN				0
30 Sun	15		0.846	AN	AN	AN	AN	AN	AN	AN	AN			AN				0
Sum	459	291.306847111204	29.178	158.5	894	4501	39600	56138	227308	19.5	15.5			326100	103600	8.8	10.2	2.7		787.5	14.39	3.76		176.86026428887	13.4880545454545	2777	16	1192.58321967473	58.3254109090909	39.53	0.106	299.309301181102	0.430806490909091	1979.4	6.9	1195.66287878788	27.0409336363636	0.574486763894284
Avg	15.3	16.1837137284002	0.9726	7.925	44.7	225.05	1980	2806.9	11365.4	0.975	0.775			16305	51800	1.76	2.04	0.09		157.5	7.195	0.94		88.4301321444351	3.37201363636364	231.416666666667	1.33333333333333	99.3819349728941	4.86045090909091	13.1766666666667	0.00883333333333333	99.7697670603674	0.0359005409090909	164.95	0.575	99.6385732323232	2.25341113636364	0.0478738969911903
Max	16	25.6875956716812	1.945	8.8	59	273	2206	4156	20242	2	2			23600	66600	4.5	2.6	0.45		166.25	8.6	1.17		88.6046511627907	4.03618090909091	534	4.4	100	16.2637581818182	19.2	0.054	100	0.231116563636364	338.3	3.9	100	16.6917518181818	0.0992809258937366
Min	15	14.6214841815088	0.699	7.2	35	189	1685	1936	7578	0.5	0.5			0	37000	0	0	0		148.75	5.79	0.68		88.2556131260795	2.77812981818182	123	0	97.03125	0	7.63	0	99.5905511811024	0	109.2	0	97.5378787878788	0	0.027362226698797

### May
May, 2006
AmericanBath	Target
MCRT
Days
	Actual
MCRT
Day
	Flow
MGD
Daily	Mixed
Liquor
DO
mg/l	Mixed
Liquor
30 min.
Settleable
%	SVI	MLSS
mg/l	RAS
TSS
MG/L
	WAS
Tss
MG/L
	Clarifier
Tank 1
Depth of
Blanket
Feet	Clarifier
Tank 2
Depth of
Blanket
Feet	WAS
Waste To
Digester
GPD
	Seed
Hauled
GPD
	WAS
Total
Wasted
GPD	Digester
Supernatant
GAL
	UV
Bank A
	UV
Bank B
	Precip
Inches
	Wind
Direction

	Alum
Used
GPD
	Influent
Total P
MG/L
	Effluent
Total P
MG/L
	Operations
Daily
PO-4
MG/L
	PO-4
%
Removal	Effluent
Phos
Loading
KG/Day
	Influent
TSS
MG/L
	Effluent
TSS
MG/L
	TSS
%
Removal	Effluent
TSS
Loading
KG/Day
	Influent
Nh3
MG/L
	Effluent
Nh3
MG/L
	NH-3
%
Removal	Effluent
NH3
Loading
KG/Day
	Influent
BOD
MG/L
	Effluent
BOD
MG/L
	BOD
%
Removal	Effluent
Bod
Loading
KG/Day
	F/M
Ratio

1 Mon	15	15	0.997	7.5	35	196	1784	3142	10438	1	1			18000		0	2.8	0.4
2 Tue	15	15	0.918	7.6	33	191	1728	2720	11178	0.5	1			16000		4.5	0	0.1		148.75
3 Wed	15	30	1.749	9.1	34	202	1686	3206	10348	0.5	0			8400		4.7	0	0.7				0.77			5.11	533	8.2	98.5	54.37		AA		0	178.4	3.3	98.2	21.88	0.118
4 Thu	15	15	0.978	8	34	199	1711	2920	9390	0.5	0.5			19000		4.5	0	0								568	4.4	99.2	16.31		AA		0	108.3	AA	100	0	0.039
5 Fri	15		0.831	7.5	30	183	1641	2628	10448	0	0			0	107300	4.5	0	0								222	6.2	97.2	19.53		AA		0	139.2	AA	100	0	0.045
6 Sat	15		0.886	AN	AN	AN	AN	AN	AN	AN	AN			AN		4.5	0	0
7 Sun	15		0.818	AN	AN	AN	AN	AN	AN	AN	AN			AN		4.5	0	0
8 Mon	15		0.788	7.4	39	223	1748	2684	9564	0	1			0		4.5	0	0		157.5
9 Tue	15	14	0.734	7.6	34	212	1606	2358	9654	1	1			19000		0	2.5	0
10 Wed	15	15	0.751	6.8	32	198	1613	2434	10638	1	0.5			15900		0	2.6	0			6.1	0.86		85.83	2.45	454	5.6	98.8	15.94		AA		0	227.5	3.9	98.3	11.1	0.068
11 Thu	15	15	1.312	6.9	31	200	1548	3578	13476	0.5	0.5			11900		4.4	2.6	0.9								250	AA	100	0		AA		0	98.3	AA	100	0	0.053
12 Fri	15	15	1.528	7.7	33	204	1618	4098	15250	1	0.5			11100		4.4	2.8	0.4								246	AA	100	0		AA		0	130	AA	100	0	0.078
13 Sat	15		1.482	AN	AN	AN	AN	AN	AN	AN	AN			AN		0	2.8	0.25
14 Sun	15		1.563	AN	AN	AN	AN	AN	AN	AN	AN			AN		0	2.8	0.35
15 Mon	15	15	1.811	8.2	33	198	1664	4108	14422	1	1			12100		4.5	2.8	0.4		26.25
16 Tue	15	15	1.94	8.1	32	199	1612	2934	13172	1	0			12400		4.8	2.8	0.35		96.25
17 Wed	15		1.562	8	30	211	1425	2308		1	1			0		4.7	0	0.15			5.4	0.78		85.42	4.62	222	4.2	98.1	24.87		AA		0	200.8	AA	100	0	0.14
18 Thu	15	14	2.012	9.6	32	209	1528	4816	13776	1	2			12100		4.7	2.8	0.65								170	AA	100	0		AA		0	73.3	AA	100	0	0.062
19 Fri	15	15	2.151	8.2	32	190	1684	3664	13134	0	1.5			13100	59200	4.7	2.9	0.35								79	AA	100	0	7.8	AA	100	0	69.2	AA	100	0	0.056
20 Sat	15		1.654	AN	AN	AN	AN	AN	AN	AN	AN			AN		4.5	0	0
21 Sun	15		1.068	AN	AN	AN	AN	AN	AN	AN	AN			AN		4.5	0	0
22 Mon	15	17	1.268	7.7	38	224	1696	2924	9660	0.5	0.5			16000		4.5	0	0
23 Tue	15	15	0.839	7.6	35	233	1504	2526	8142	0.5	0.5			19000		0	2.8	0		35
24 Wed	15	15	0.762	7.2	30	207	1448	2322	9090	0.5	0.5			16500		5.2	2.8	0		122.5						557	AA	100	0		0.064		0.18	221.7	AA	100	0	0.074
25 Thu	15	15	0.876	6.5	32	215	1448	2486	9270	0.5	0.5			16600		0	2.8	0.25			3.1	0.81		73.87	2.69	830	AA	100	0		AA		0	130	AA	100	0	0.05
26 Fri	15	15	1.311	7.6	30	193	1551	3600	11714	0	1			13700		4.5	2.8	0.5								241	AA	100	0	8.46	AA	100	0	112.5	AA	100	0	0.061
27 Sat	15		1.193	AN	AN	AN	AN	AN	AN	AN	AN			AN		0	2.6	0
28 Sun	15		0.887	AN	AN	AN	AN	AN	AN	AN	AN			AN		0	2.6	0
29 Mon	15		0.811	AN	AN	AN	AN	AN	AN	AN	AN			AN		0	2.6	0
30 Tue	15	112	0.934	6.7	33	235	1406	3060	1448	0.5	0.5			13600		4.2	0	0
31 Wed	15	15	0.758	7.3	35	238	1471	1908	8712	1	0.5			17600		4.1	0	0		35
Sum	465	399.185691959029	37.172	168.8	727	4560	35120	66424	222924	13.5	15.5			282000	166500	95.4	49.2	5.75		621.25	14.52	3.22		245.123488950884	14.862297	4372	28.6	1191.76872571332	131.025949090909	16.26	0.064	200	0.184875054545455	1689.2	7.2	1196.43593850096	32.9831836363636	0.844413698702592
Avg	15	21.0097732610015	1.19909677419355	7.67272727272727	33.0454545454546	207.272727272727	1596.36363636364	3019.27272727273	10615.4285714286	0.613636363636364	0.704545454545455			12818.1818181818	83250	3.07741935483871	1.58709677419355	0.185483870967742		88.75	4.84	0.805		81.7078296502947	3.71557425	364.333333333333	2.38333333333333	99.3140604761099	10.9188290909091	8.13	0.00533333333333333	100	0.0154062545454545	140.766666666667	0.6	99.7029948750801	2.74859863636364	0.070367808225216
Max	15	112.021347903802	2.151	9.6	39	238	1784	4816	15250	1	2			19000	107300	5.2	2.9	0.9		157.5	6.07	0.86		85.831960461285	5.105331	830	8.2	100	54.36846	8.46	0.064	100	0.184875054545455	227.5	3.9	100	21.87999	0.140283608958662
Min	15	13.7374963200419	0.734	6.5	30	183	1406	1908	1448	0	0			0	59200	0	0	0		26.25	3.1	0.77		73.8709677419355	2.44839654545455	79	0	97.2072072072072	0	7.8	0	100	0	69.2	0	98.1502242152467	0	0.0394543014327493

### June
Jun, 2006
AmericanBath	Target
MCRT
Days
	Actual
MCRT
Day
	Flow
MGD
Daily	Mixed
Liquor
DO
mg/l	Mixed
Liquor
30 min.
Settleable
%	SVI	MLSS
mg/l	RAS
TSS
MG/L
	WAS
Tss
MG/L
	Clarifier
Tank 1
Depth of
Blanket
Feet	Clarifier
Tank 2
Depth of
Blanket
Feet	WAS
Waste To
Digester
GPD
	Seed
Hauled
GPD
	WAS
Total
Wasted
GPD	Digester
Supernatant
GAL
	UV
Bank A
	UV
Bank B
	Precip
Inches
	Wind
Direction

	Alum
Used
GPD
	Influent
Total P
MG/L
	Effluent
Total P
MG/L
	Operations
Daily
PO-4
MG/L
	PO-4
%
Removal	Effluent
Phos
Loading
KG/Day
	Influent
TSS
MG/L
	Effluent
TSS
MG/L
	TSS
%
Removal	Effluent
TSS
Loading
KG/Day
	Influent
Nh3
MG/L
	Effluent
Nh3
MG/L
	NH-3
%
Removal	Effluent
NH3
Loading
KG/Day
	Influent
BOD
MG/L
	Effluent
BOD
MG/L
	BOD
%
Removal	Effluent
Bod
Loading
KG/Day
	F/M
Ratio

1 Thu	15	19	0.763	6.5	32	183	1745	2364	7096	0.5	1			20000		4.2	0	0			8.6	0.85		90.11	2.45	720	AA	100	0	28.9	0.063	99.8	0.18	375	3.4	99.1	9.83	0.105
2 Fri	15		0.928	7.9	33	221	1493	3128	11542	1	0			0	85100	4.3	2.4	0.5								138	AA	100	0		0.055		0.19	131.7	AA	100	0	0.052
3 Sat	15		1.347	AN	AN	AN	AN	AN	AN	AN	AN			AN		4.3	0	0.15
4 Sun	15		0.859	AN	AN	AN	AN	AN	AN	AN	AN			AN		4.3	0	0
5 Mon	15	15	0.786	7.4	39	262	1486	2101	9320	1	1			16800		4.5	0	0
6 Tue	15	17	0.747	7	37	209	1770	2682	8378	0.5	1			20000		0	2.7	0		126
7 Wed	15	13	0.743	6.9	35	226	1551	2296	8202	0.5	1			23700		0	2.7	0		35						233	AA	100	0		AA		0	222.5	AA	100	0	0.068
8 Thu	15	15	1.113	6.8	30	223	1347	2142	9172	0.5	0.5			15000		0	2.8	0.6		122.5						316	AA	100	0		AA		0	145	AA	100	0	0.076
9 Fri	15	15	0.88	8.4	34	205	1662	2432	10100	0.5	0.5			17000	55500	0	2.7	0.15			5.1	0.98		80.63	3.28	183	AA	100	0		AA		0	116.7	AA	100	0	0.039
10 Sat	15		0.911	AN	AN	AN	AN	AN	AN	AN	AN			AN		0	2.6	0
11 Sun	15		0.734	AN	AN	AN	AN	AN	AN	AN	AN			AN		0	2.7	0
12 Mon	15	15	0.767	7.2	37	259	1429	2276	8000	0.5	1			18700		4.7	0	0
13 Tue	15	15	0.739	7.4	34	204	1665	2218	8684	1	0			20000		4.3	0	0		148.75
14 Wed	15	15	0.727	7.1	35	217	1610	2344	8514	1	1			20000		4.4	0	0		35						422	3.6	99.1	9.92		0.058		0.16	146.7	AA	100	0	0.042
15 Thu	15	15	0.699	6.9	30	219	1367	1886	9898	0	0.5			14100		4.3	0	0		122.5	6.3	1.07		83.12	2.84	193	AA	100	0	17.9	0.06	99.7	0.16	179.2	AA	100	0	0.058
16 Fri	15		0.662	7.3	28	202	1384	2400	8707	0.5	0			0	68450	4.3	0	0								152	AA	100	0		0.065		0.16	123.4	AA	100	0	0.038
17 Sat	15		0.707	AN	AN	AN	AN	AN	AN	AN	AN			AN		4.2	0	0
18 Sun	15		0.669	AN	AN	AN	AN	AN	AN	AN	AN			AN		4.1	0	0
19 Mon	15	17	1.012	6.4	29	153	1893	2678	8994	0	0.5			20000		0	2.2	0.4
20 Tue	15	15	0.967	6.6	30	178	1683	2610	10891	0	0			15900		0	2.4	0.15
21 Wed	15		0.791	6.6	28	171	1629	2531		0	0			10000		0	2.5	0.65		157.5						327	AA	100	0		AA		0	183.4	6.1	96.7	18.29	0.057
22 Thu	15	9	1.377	6.7	28	184	1517	2637	11189	1.5	0			23800		0	2.5	0.05		262.5	4.4	0.49		88.8	2.54	196	AA	100	0		AA		0	161.7	4.1	97.5	21.4	0.094
23 Fri	15		1.29	6.9	24	140	1706	2508		1.5	0			0	33300	0	2.5	0.5								124	AA	100	0	7.32	AA	100	0	97.5	4.2	95.7	20.54	0.047
24 Sat	15		0.867	AN	AN	AN	AN	AN	AN	AN	AN			AN		0	2.6	0
25 Sun	15		0.859	AN	AN	AN	AN	AN	AN	AN	AN			AN		0	2.5	0
26 Mon	15	15	0.724	6.8	28	195	1433	1810	8800	0.5	0.5			16800		4.3	0	0
27 Tue	15		0.711	7.8	26	183	1424	2186	9202	0.5	0.5			0		4.1	0	0
28 Wed	15	99	0.677	7.2	24	187	1285	1966	2454	0	1			8300		4.2	0	0								109	AA	100	0	12.4	0.064	99.5	0.16	120.9	4.9	95.9	12.58	0.041
29 Thu	15	105	0.677	6.3	24	148	1617	2056	2406	1.5	0			10000		4.1	0	0
30 Fri	15	84	0.679	5.8	24	217	1101	1731	3615	0	0.5			5700		4.1	0	0
Sum	450	498.232195661303	25.412	153.9	669	4386	33797	50982	165164	13	10.5			295800	242350	72.7	35.8	3.15		1009.75	24.33	3.388		342.662687539075	11.1100551818182	3113	3.6	1199.14691943128	9.92156727272727	66.52	0.365	398.930682357431	1.02192673636364	2003.7	22.7	1184.8710817865	82.6429554545455	0.716488307145902
Avg	15	29.3077762153707	0.847066666666667	6.99545454545455	30.4090909090909	199.363636363636	1536.22727272727	2317.36363636364	8258.2	0.590909090909091	0.477272727272727			13445.4545454545	60587.5	2.42333333333333	1.19333333333333	0.105		126.21875	6.0825	0.847		85.6656718847688	2.77751379545455	259.416666666667	0.3	99.9289099526066	0.826797272727273	16.63	0.0304166666666667	99.7326705893577	0.0851605613636364	166.975	1.89166666666667	98.7392568155413	6.88691295454546	0.0597073589288251
Max	15	105.447755610973	1.377	8.4	39	262	1893	3128	11542	1.5	1			23800	85100	4.7	2.8	0.65		262.5	8.56	1.07		90.1051401869159	3.282624	720	3.6	100	9.92156727272727	28.9	0.065	100	0.193488	375	6.1	100	21.4023354545455	0.104505086918648
Min	15	8.93799882988319	0.662	5.8	24	140	1101	1731	2406	0	0			0	33300	0	0	0		35	4.35	0.487		80.6299212598425	2.4499167	109	0	99.1469194312796	0	7.32	0	99.4838709677419	0	97.5	0	95.6923076923077	0	0.037619594970472

### July
Jul, 2006
AmericanBath	Target
MCRT
Days
	Actual
MCRT
Day
	Flow
MGD
Daily	Mixed
Liquor
DO
mg/l	Mixed
Liquor
30 min.
Settleable
%	SVI	MLSS
mg/l	RAS
TSS
MG/L
	WAS
Tss
MG/L
	Clarifier
Tank 1
Depth of
Blanket
Feet	Clarifier
Tank 2
Depth of
Blanket
Feet	WAS
Waste To
Digester
GPD
	Seed
Hauled
GPD
	WAS
Total
Wasted
GPD	Digester
Supernatant
GAL
	UV
Bank A
	UV
Bank B
	Precip
Inches
	Wind
Direction

	Alum
Used
GPD
	Influent
Total P
MG/L
	Effluent
Total P
MG/L
	Operations
Daily
PO-4
MG/L
	PO-4
%
Removal	Effluent
Phos
Loading
KG/Day
	Influent
TSS
MG/L
	Effluent
TSS
MG/L
	TSS
%
Removal	Effluent
TSS
Loading
KG/Day
	Influent
Nh3
MG/L
	Effluent
Nh3
MG/L
	NH-3
%
Removal	Effluent
NH3
Loading
KG/Day
	Influent
BOD
MG/L
	Effluent
BOD
MG/L
	BOD
%
Removal	Effluent
Bod
Loading
KG/Day
	F/M
Ratio

1 Sat	15		0.607	AN	AN	AN	AN	AN	AN	AN	AN			AN		4	0	0
2 Sun	15		0.687	AN	AN	AN	AN	AN	AN	AN	AN			AN		4	0	0
3 Mon	15	15	1.151	6.4	24	124	1934	2708	8345	0	0.5			23700		0	2.2	1
4 Tue	15		1.299	AN	AN	AN	AN	AN	AN	AN	AN			AN		0	2.4	0.6
5 Wed	15	15	1.199	6.8	24	152	1574	2396	10000	1	0.5			16300		0	2.5	0.25								178	AA	100	0		AA		0	114.1	5.5	95.2	25	0.055
6 Thu	15	15	0.861	8.1	24	152	1584	2412	9692	1	2			17500		0	2.6	0		367.5	4	0.67		83.25	2.19	204	AA	100	0		0.076		0.25	113.3	3	97.4	9.79	0.039
7 Fri	15	15	0.783	8.3	25	157	1589	2466	9734	1	0			16900	12950	0	2.5	0								84	AA	100	0		0.063		0.19	96.7	3	96.9	8.9	0.03
8 Sat	15		0.701	AN	AN	AN	AN	AN	AN	AN	AN			AN		0	2.5	0
9 Sun	15		0.796	AN	AN	AN	AN	AN	AN	AN	AN			AN		0	2.2	0
10 Mon	15	15	0.708	6.9	25	187	1338	1956	9542	0	1			14500		3.9	0	0
11 Tue	15	15	0.702	6.8	24	177	1354	1716	9110	1	0.5			15500		4	0	0
12 Wed	15		0.967	6.8	25	209	1198	1724		2	1			0		4	0	0.3			5.6	0.74		86.83	2.71	232	6.7	97.1	24.56	14.9	0.054	99.6	0.2	145	AA	100	0	0.075
13 Thu	15	85	1.62	7.3	25	172	1451	3634	11152	1	1			2400		4.1	2.5	0.9								152	AA	100	0		AA		0	113.4	AA	100	0	0.081
14 Fri	15	15	1.037	7.2	29	180	1612	2056	10064	1	0.5			16500		4.1	0	0								162	AA	100	0		AA		0	83.3	AA	100	0	0.034
15 Sat	15		0.969	AN	AN	AN	AN	AN	AN	AN	AN			AN		4	0	0.2
16 Sun	15		0.728	AN	AN	AN	AN	AN	AN	AN	AN			AN		4	0	0
17 Mon	15	15	0.765	6.4	26	169	1536	2034	10496	0.5	0.5			15100		0	2	0
18 Tue	15	18	0.71	7.3	26	171	1520	2206	8406	1.5	0.5			16000		0	2.1	0.1
19 Wed	15	16	0.746	6.6	25	146	1707	2542	8010	0	0.5			21000		0	2.4	0		113.75	5.1	0.96		81.29	2.71	254	AA	100	0	16.5	AA	100	0	181.7	6.1	96.6	17.25	0.051
20 Thu	15		0.686	7.2	25	173	1446	1612		1	0.5			0		0	2.1	0								94	AA	100	0		AA		0	167.5	AA	100	0	0.051
21 Fri	15		0.821	6.8	27	200	1350	2072		0.5	1			0	112850	0	2.4	0.3								104	AA	100	0		AA		0	122.5	AA	100	0	0.047
22 Sat	15		1.05	AN	AN	AN	AN	AN	AN	AN	AN			AN		3.9	2.5	0.5
23 Sun	15		0.966	AN	AN	AN	AN	AN	AN	AN	AN			AN		0	2.4	0
24 Mon	15	15	0.789	6.8	32	174	1836	2394	9554	1	1			20000		4	0	0
25 Tue	15	15	0.719	6.3	29	169	1713	2544	9670	0.5	1			18500		4.1	0	0		70
26 Wed	15	13	0.711	9.2	27	151	1789	2760	9788	1	0.5			21600		4.2	0	0		87.5	4.3	0.68		84.26	1.83	726	AA	100	0		AA		0	185.9	6.6	96.4	17.79	0.047
27 Thu	15	21	0.863	8.6	28	156	1797	3676	6734	0	0.5			20000		4.1	0	0.55								568	AA	100	0	10.5	AA	100	0	203.3	AA	100	0	0.062
28 Fri	15		1.223	9.4	25	188	1329	3400		0.5	0			0	90650	4.2	2.2	0.55								380	AA	100	0		AA		0	206.7	AA	100	0	0.121
29 Sat	15		1.129	AN	AN	AN	AN	AN	AN	AN	AN			AN		3.9	0	0
30 Sun	15		0.842	AN	AN	AN	AN	AN	AN	AN	AN			AN		3.9	0	0
31 Mon	15	68	0.834	4.4	29	146	1986	2576	3058	0.5	1			15000		0	1.8	0
Sum	465	371.914590250959	27.669	143.6	524	3353	31643	48884	143355	15	14			270500	216450	68.4	39.3	5.25		638.75	19.07	3.05		335.628549180385	9.44728663636364	3138	6.7	1197.11206896552	24.5609209090909	41.9	0.193	299.637583892617	0.633017372727273	1733.4	24.2	1182.52197284294	78.7360445454545	0.693745262581419
Avg	15	23.2446618906849	0.892548387096774	7.18	26.2	167.65	1582.15	2444.2	8959.6875	0.75	0.7			13525	72150	2.20645161290323	1.26774193548387	0.169354838709677		159.6875	4.7675	0.7625		83.9071372950962	2.36182165909091	261.5	0.558333333333333	99.7593390804598	2.04674340909091	13.9666666666667	0.0160833333333333	99.8791946308725	0.0527514477272727	144.45	2.01666666666667	98.5434977369117	6.56133704545454	0.0578121052151182
Max	15	85.0601909971306	1.62	9.4	32	209	1986	3676	11152	2	2			23700	112850	4.2	2.6	1		367.5	5.62	0.96		86.8327402135231	2.71489745454545	726	6.7	100	24.5609209090909	16.5	0.076	100	0.248061927272727	206.7	6.6	100	24.99915	0.121232485501398
Min	15	13.2765603005948	0.607	4.4	24	124	1198	1612	3058	0	0			0	12950	0	0	0		70	4	0.67		81.2865497076024	1.83282872727273	84	0	97.1120689655172	0	10.5	0	99.6375838926175	0	83.3	0	95.1796669588081	0	0.0303697624803411

### August
Aug, 2006
AmericanBath	Target
MCRT
Days
	Actual
MCRT
Day
	Flow
MGD
Daily	Mixed
Liquor
DO
mg/l	Mixed
Liquor
30 min.
Settleable
%	SVI	MLSS
mg/l	RAS
TSS
MG/L
	WAS
Tss
MG/L
	Clarifier
Tank 1
Depth of
Blanket
Feet	Clarifier
Tank 2
Depth of
Blanket
Feet	WAS
Waste To
Digester
GPD
	Seed
Hauled
GPD
	WAS
Total
Wasted
GPD	Digester
Supernatant
GAL
	UV
Bank A
	UV
Bank B
	Precip
Inches
	Wind
Direction

	Alum
Used
GPD
	Influent
Total P
MG/L
	Effluent
Total P
MG/L
	Operations
Daily
PO-4
MG/L
	PO-4
%
Removal	Effluent
Phos
Loading
KG/Day
	Influent
TSS
MG/L
	Effluent
TSS
MG/L
	TSS
%
Removal	Effluent
TSS
Loading
KG/Day
	Influent
Nh3
MG/L
	Effluent
Nh3
MG/L
	NH-3
%
Removal	Effluent
NH3
Loading
KG/Day
	Influent
BOD
MG/L
	Effluent
BOD
MG/L
	BOD
%
Removal	Effluent
Bod
Loading
KG/Day
	F/M
Ratio

1 Tue	15	15	0.732	6	26	164	1587	1969	8872	1	0			18500		1.9	0	0		70
2 Wed	15	21	0.758	5.6	25	151	1660	2000	13088	0.5	0.5			9300		0	1.9	0		78.75	3.7	0.67		81.69	1.93	161	3.6	97.8	10.34		0.069		0.2	130	AE			0.038
3 Thu	15	15	0.788	5.8	26	157	1652	2834	8600	0.5	0.5			20000		0	2	0								122	AA	100	0		0.051		0.15	151.7	AA	100	0	0.046
4 Fri	15	15	0.822	6.4	25	184	1360	2020	12704	0.5	1			10900	55500	0	1.9	0.1								222	AA	100	0	14.8	0.054	99.6	0.17	208.3	AA	100	0	0.08
5 Sat	15		0.839	AN	AN	AN	AN	AN	AN	AN	AN			AN		0	2	0
6 Sun	15		0.74	AN	AN	AN	AN	AN	AN	AN	AN			AN		0	2.2	0
7 Mon	15	15	0.742	7.2	25	164	1528	1862	9972	0.5	0.5			15800	9250	4	0	0
8 Tue	15	15	0.786	6.7	25	179	1396	2070	9528	1	0.5			15000		4.1	0	0		70
9 Wed	15		0.742	6.8	24	176	1365	1926		0.5	0.5			0		4.4	0	0			6.8	0.91		86.56	2.56	274	AA	100	0	25.1	0.091	99.6	0.26	186.7	AE			0.065
10 Thu	15		0.787	6.6	25	196	1275	2084		0.5	0.5			0		4	0	0								982	AA	100	0		AA		0	375	AA	100	0	0.148
11 Fri	15	20	0.752	6.6	25	187	1336	1884	10322	0.5	1			10000	46250	4	0	0								379.4	AA	100	0		0.061		0.17	112.5	AA	100	0	0.04
12 Sat	15		0.818	AN	AN	AN	AN	AN	AN	AN	AN			AN		3.8	0	0
13 Sun	15		0.69	AN	AN	AN	AN	AN	AN	AN	AN			AN		3.8	0	0
14 Mon	15	15	0.703	6.5	25	163	1531	2262	10432	1.5	0.5			15000		0	2.2	0
15 Tue	15	15	0.918	7.1	26	170	1531	2852	9264	1.5	0.5			17000		0	2.4	0.3		78.75
16 Wed	15	16	0.744	6.8	24	168	1431	1867	9032	1	0.5			16000		0	2.4	0		78.75	6.3	0.87		86.17	2.45	524	AA	100	0		0.051		0.14	242.5	AA	100	0	0.08
17 Thu	15		0.675	6.7	22	132	1670	2545		0.5	1			0		0	2.4	0								358	AA	100	0	12.7	0.055	99.6	0.14	215	AA	100	0	0.055
18 Fri	15	15	0.767	6.5	25	154	1620	2090	14416	0.5	1			11700		3.8	2.5	0								316	AA	100	0		AA		0	195	AA	100	0	0.059
19 Sat	15		0.81	AN	AN	AN	AN	AN	AN	AN	AN			AN		3.6	2.2	0.45
20 Sun	15		0.875	AN	AN	AN	AN	AN	AN	AN	AN			AN		0	2.2	0
21 Mon	15		0.747	6.5	25	182	1371	1400		1	0.5			0		3.9	0	0
22 Tue	15	25	0.716	7.5	25	144	1739	2354	10800	1	0.5			10000	53650	4	0	0		78.75
23 Wed	15	14	0.755	6.8	25	183	1369	2018	10744	2	0.5			14000		3.8	0	0			11.7	1.07		90.85	3.06	1060	AA	100	0	15	AA	100	0	361.7	4.5	98.8	12.88	0.127
24 Thu	15	15	0.699	6.2	24	175	1368	2034	8744	2	0.5			16600		3.7	0	0								144	AA	100	0		AA		0	139.2	AA	100	0	0.045
25 Fri	15	15	0.711	6.3	23	156	1474	2106	9044	1.5	0.5			17000	11100	3.9	0	0		61.25						338	AA	100	0		AA		0	196.7	AA	100	0	0.06
26 Sat	15		0.754	AN	AN	AN	AN	AN	AN	AN	AN			AN		0	3.5	0.35
27 Sun	15		1.909	AN	AN	AN	AN	AN	AN	AN	AN			AN		3.9	1.4	0.75
28 Mon	15	15	0.905	6.3	24	159	1506	2314	10724	1.5	0			14600		0	2.1	0.2
29 Tue	15	52	1.503	6.6	23	139	1652	2974	3304	1.5	0.5			15000		0	2.2	0.65
30 Wed	15	17	0.989	8.5	27	196	1381	2554	9960	1.5	1			12700		0	2.2	0.2
31 Thu	15	15	0.794	6.5	22	146	1504	2650	9166	2	0.5			17500	27750	0	2.2	0
Sum	465	347.714740957642	25.97	152.5	566	3825	34306	50669	188716	24.5	13			276600	203500	60.6	39.9	3		516.25	28.42	3.52		345.275557030919	10.0012142727273	4880.4	3.6	1197.76397515528	10.3446327272727	67.6	0.432	398.839514468197	1.23333815454545	2514.3	4.5	998.755875034559	12.8796136363636	0.844290227224686
Avg	15	18.3007758398759	0.837741935483871	6.63043478260869	24.6086956521739	166.304347826087	1491.5652173913	2203	9932.42105263158	1.06521739130435	0.565217391304348			12026.0869565217	33916.6666666667	1.95483870967742	1.28709677419355	0.0967741935483871		73.75	7.105	0.88		86.3188892577297	2.50030356818182	406.7	0.3	99.8136645962733	0.862052727272727	16.9	0.036	99.7098786170491	0.102778179545455	209.525	0.45	99.8755875034559	1.28796136363636	0.0703575189353905
Max	15	52.3	1.909	8.5	27	196	1739	2974	14416	2	1			20000	55500	4.4	3.5	0.75		78.75	11.7	1.07		90.8547008547009	3.06248590909091	1060	3.6	100	10.3446327272727	25.1	0.091	100	0.255969763636364	375	4.5	100	12.8796136363636	0.147527462227721
Min	15	14.2801364216573	0.675	5.6	22	132	1275	1400	3304	0.5	0			0	9250	0	0	0		61.25	3.66	0.67		81.6939890710383	1.92525109090909	122	0	97.7639751552795	0	12.7	0	99.5669291338583	0	112.5	0	98.755875034559	0	0.0378339361269168

### September
Sep, 2006
AmericanBath	Target
MCRT
Days
	Actual
MCRT
Day
	Flow
MGD
Daily	Mixed
Liquor
DO
mg/l	Mixed
Liquor
30 min.
Settleable
%	SVI	MLSS
mg/l	RAS
TSS
MG/L
	WAS
Tss
MG/L
	Clarifier
Tank 1
Depth of
Blanket
Feet	Clarifier
Tank 2
Depth of
Blanket
Feet	WAS
Waste To
Digester
GPD
	Seed
Hauled
GPD
	WAS
Total
Wasted
GPD	Digester
Supernatant
GAL
	UV
Bank A
	UV
Bank B
	Precip
Inches
	Wind
Direction

	Alum
Used
GPD
	Influent
Total P
MG/L
	Effluent
Total P
MG/L
	Operations
Daily
PO-4
MG/L
	PO-4
%
Removal	Effluent
Phos
Loading
KG/Day
	Influent
TSS
MG/L
	Effluent
TSS
MG/L
	TSS
%
Removal	Effluent
TSS
Loading
KG/Day
	Influent
Nh3
MG/L
	Effluent
Nh3
MG/L
	NH-3
%
Removal	Effluent
NH3
Loading
KG/Day
	Influent
BOD
MG/L
	Effluent
BOD
MG/L
	BOD
%
Removal	Effluent
Bod
Loading
KG/Day
	F/M
Ratio

1 Fri	15	15	0.708	6.6	20	179	1115	1818	8154	1	0.5			14200		0	2.2	0.1			7.3	1.2		83.56	3.22	580	4.9	99.2	13.15		AA		0	295	5.7	98.1	15.3	0.119
2 Sat	15		0.622	AN	AN	AN	AN	AN	AN	AN	AN			AN		0	2.4	0.3
3 Sun	15		0.709	AN	AN	AN	AN	AN	AN	AN	AN			AN		3.8	0	0.1
4 Mon	15		0.646	AN	AN	AN	AN	AN	AN	AN	AN			AN		3.8	0	0
5 Tue	15	15	0.634	6.3	20	136	1473	2222	7926	0.5	1			19500		3.8	0	0
6 Wed	15		0.613	6.7	19	166	1144	1428		1	1			0		3.9	0	0		87.5						675	4.4	99.3	10.22		AA		0	375	8.3	97.8	19.29	0.128
7 Thu	15	16	0.658	6.5	19	151	1258	2308	11502	1	0.5			11000	47300	3.9	0	0								184	AA	100	0		AA		0	213.4	AA	100	0	0.071
8 Fri	15	16	0.645	6.3	18	156	1154	1620	10612	1	0.5			11000		3.9	0	0								330	4.7	98.6	11.49	12	0.055	99.5	0.13	214.2	AA	100	0	0.076
9 Sat	15		0.574	AN	AN	AN	AN	AN	AN	AN	AN			AN		3.6	0	0
10 Sun	15		0.782	AN	AN	AN	AN	AN	AN	AN	AN			AN		3.7	0	0
11 Mon	15	19	0.669	6.6	19	151	1259	1344	10400	1.5	0.5			10000		0	2.1	0
12 Tue	15	15	0.78	7.5	19	157	1207	2424	13820	1.5	0.5			9000		0	2.4	0.45		70
13 Wed	15	15	1.831	6.3	19	157	1212	2322	13890	2	0.5			9000	18500	0	2.4	1.25		78.5	4.1	0.86		79.02	5.97	538	6.1	98.9	42.34	3.54	0.073	97.9	0.51	282.5	9.6	96.6	66.64	0.272
14 Thu	15	58	0.891	6.6	19	154	1237	1904	3340	1	0.5			10000		0	2.5	0								1188	AA	100	0		0.061		0.21	172.5	AA	100	0	0.079
15 Fri	15	15	0.724	6.3	19	128	1486	2460	11882	1	0.5			13000		4.3	2.5	0								276	AA	100	0		0.068		0.19	215.9	AA	100	0	0.067
16 Sat	15		0.649	AN	AN	AN	AN	AN	AN	AN	AN			AN		0	2.1	0
17 Sun	15		0.671	AN	AN	AN	AN	AN	AN	AN	AN			AN		0	2.1	0
18 Mon	15	15	0.724	6.4	20	135	1484	2150	10342	0	0.5			14700		3.9	0	0
19 Tue	15	15	1.398	6.4	20	155	1294	2306	9462	1	0.5			14000		3.8	0	0.7		70
20 Wed	15	16	0.87	7	21	168	1249	1938	8318	2	0			15100		3.9	0	0			5.5	0.67		87.88	2.21	592	4.6	99.2	15.17		AA		0	255	AA	100	0	0.113
21 Thu	15		0.733	7.2	21	137	1536	2844		0.5	0.5			0		4	0	0								220	AA	100	0		AA		0	205	AA	100	0	0.062
22 Fri	15	15	0.709	7	22	174	1264	2068	11116	1	1			12000	42550	4	0	0								144	AA	100	0	11.4	AA	100	0	180	AA	100	0	0.064
23 Sat	15		0.739	AN	AN	AN	AN	AN	AN	AN	AN			AN		3.9	0	0
24 Sun	15		0.748	AN	AN	AN	AN	AN	AN	AN	AN			AN		1.5	0	0
25 Mon	15		0.752	7.4	24	184	1307	1960		0.5	0.5			0		0	2.7	0
26 Tue	15		0.688	7.6	25	166	1505	2070		0.5	0.5			0		0	2.7	0		70
27 Wed	15	15	0.701	6	25	160	1561	2234	9660	0.5	1			16900		0	2.6	0			0.9	0.46		48.31	1.22	940	4.8	99.5	12.76	9.54	AA	100	0	113.3	5.7	95	15.15	0.032
28 Thu	15	15	0.892	6.8	25	185	1348	2322	9884	1.5	1.5			14600		0	2.6	0.4								240	4.2	98.3	14.2		AA		0	205	AA	100	0	0.086
29 Fri	15	19	0.806	6.1	25	171	1460	2144	7842	1	0.5			15000	19800	0	2.7	0.15
30 Sat	15		0.712	AN	AN	AN	AN	AN	AN	AN	AN			AN		0	2.8	0
Sum	450	294.054019866669	23.278	133.6	419	3170	26553	41886	158150	20	12.5			209000	128150	59.7	36.8	3.45		376	17.82	3.19		298.784908452195	12.6222867272727	5907	33.7	1192.90758381652	119.338576363636	36.48	0.257	397.479519774011	1.03386051818182	2726.8	29.3	1187.42534174968	116.368778181818	1.17193611389588
Avg	15	18.3783762416668	0.775933333333333	6.68	20.95	158.5	1327.65	2094.3	9884.375	1	0.625			10450	32037.5	1.99	1.22666666666667	0.115		75.2	4.455	0.7975		74.6962271130487	3.15557168181818	492.25	2.80833333333333	99.4089653180431	9.94488136363636	9.12	0.0214166666666667	99.3698799435028	0.0861550431818182	227.233333333333	2.44166666666667	98.9521118124735	9.69739818181818	0.0976613428246566
Max	15	58.109371257485	1.831	7.6	25	185	1561	2844	13890	2	1.5			19500	47300	4.3	2.8	1.25		87.5	7.3	1.2		87.8842676311031	5.96939290909091	1188	6.1	100	42.3410427272727	12	0.073	100	0.506704281818182	375	9.6	100	66.6350836363636	0.272007721804685
Min	15	14.6563977758436	0.574	6	18	128	1115	1344	3340	0	0			0	18500	0	0	0		70	0.89	0.46		48.314606741573	1.22241654545455	144	0	98.25	0	3.54	0	97.9378531073446	0	113.3	0	94.9691085613416	0	0.0324281431270259

### October
Oct, 2006
AmericanBath	Target
MCRT
Days
	Actual
MCRT
Day
	Flow
MGD
Daily	Mixed
Liquor
DO
mg/l	Mixed
Liquor
30 min.
Settleable
%	SVI	MLSS
mg/l	RAS
TSS
MG/L
	WAS
Tss
MG/L
	Clarifier
Tank 1
Depth of
Blanket
Feet	Clarifier
Tank 2
Depth of
Blanket
Feet	WAS
Waste To
Digester
GPD
	Seed
Hauled
GPD
	WAS
Total
Wasted
GPD	Digester
Supernatant
GAL
	UV
Bank A
	UV
Bank B
	Precip
Inches
	Wind
Direction

	Alum
Used
GPD
	Influent
Total P
MG/L
	Effluent
Total P
MG/L
	Operations
Daily
PO-4
MG/L
	PO-4
%
Removal	Effluent
Phos
Loading
KG/Day
	Influent
TSS
MG/L
	Effluent
TSS
MG/L
	TSS
%
Removal	Effluent
TSS
Loading
KG/Day
	Influent
Nh3
MG/L
	Effluent
Nh3
MG/L
	NH-3
%
Removal	Effluent
NH3
Loading
KG/Day
	Influent
BOD
MG/L
	Effluent
BOD
MG/L
	BOD
%
Removal	Effluent
Bod
Loading
KG/Day
	F/M
Ratio

1 Sun	15		1.175													1.8	0	0.45
2 Mon	15	15	0.884	7	29	189	1538	2424	8178	1	0.5			19600		2	0	0
3 Tue	15	15	1.234	6.4	27	188	1438	2414	8596	1	0			17000		3.8	0	0.45		78.75
4 Wed	15		0.847	5.8	26	186	1400	2300		0.5	1			0	53600	3.8	0	0		78.75	9.9	0.71		92.86	2.28	290	4	98.6	12.84		0.061		0.2	209.2	AA	100	0	0.081
5 Thu	15	21	0.915	5.8	30	179	1678	2858	8414	1	0.5			15000		3.8	0	0.1								312	AA	100	0		AA		0	233.4	AA	100	0	0.081
6 Fri	15	17	0.738	6.4	28	156	1796	2231	6826	0.5	0.5			25000		3.9	0	0								282	AA	100	0		AA		0	220	AA	100	0	0.058
7 Sat	15		0.67													3.9	0	0
8 Sun	15		0.674													0	1.7	0
9 Mon	15		0.7													0	1.9	0
10 Tue	15	15	0.701	6.5	31	218	1425	2670	9034	1	0.5			16600	29600	0	2.1	0
11 Wed	15	15	0.712	6.5	30	202	1483	2540	9340	1	0.5			16700	9250	0	2.8	0		385	3.4	0.61		81.95	1.65	474	AA	100	0	9.73	AA	100	0	305	AA	100	0	0.093
12 Thu	15	15	0.84	7.1	30	172	1740	3384	8524	0.5	0.5			21000		0	2.8	0.25								132	AA	100	0		0.057		0.18	151.7	AA	100	0	0.047
13 Fri	15	15	0.713	7.4	28	205	1365	2042	8082	0	0.5			17300		0	3	0								90	AA	100	0		0.053		0.14	137.5	AA	100	0	0.046
14 Sat	15		0.674													0	3.1	0
15 Sun	15		0.734													4	0	0
16 Mon	15	15	0.728	7.3	33	230	1437	2352	7704	1	0.5			19500	3700	4.2	0	0
17 Tue	15	14	2.133	6.1	28	205	1368	3132	10340	2	1			14600		4	2.8	2.5
18 Wed	15	16	2.739	7.4	27	173	1558	3624	9100	1	0.5			17200		4.2	0	0.2			2.9	0.65		77.35	6.75	118	4.1	96.5	42.57		0.102		1.06	95.9	3	96.9	31.15	0.107
19 Thu	15	14	1.135	7.4	25	167	1495	3382	9586	2	1			16900		4.1	0	0								210	AA	100	0		0.073		0.31	135.9	AA	100	0	0.066
20 Fri	15	15	1.29	7.6	25	176	1420	3168	16064	0.5	1.5			9300		4.2	0	0.35								114	AA	100	0		0.053		0.26	60	AA	100	0	0.035
21 Sat	15		1.099													3.8	0	0.05
22 Sun	15		0.871													0	2.5	0.1
23 Mon	15	15	0.734	6.9	29	178	1627	2514	9722	1	0.5			17500	27750	0	2.5	0
24 Tue	15	15	0.795	8.2	28	195	1435	2230	9020	2	1			17000		0	3	0		87.5
25 Wed	15	15	0.727	8.2	25	184	1357	2034	9202	2	0			15500		0	2.9	0			5.3	0.96		81.89	2.65	234	8.2	96.5	22.6	14.2	AA	100	0	175	3.6	97.9	9.92	0.06
26 Thu	15	15	0.678	8.1	24	182	1316	2048	9528	0	0.5			14200		0	2.9	0								162	AA	100	0		AA		0	154.2	AA	100	0	0.051
27 Fri	15	15	0.93	7.9	25	191	1310	3298	10038	0	0.5			13400		0	3	0.4								156	AA	100	0		AA		0	167.5	AA	100	0	0.076
28 Sat	15		2.908													3.9	3	1
29 Sun	15		1.502													4	0	0.1
30 Mon	15	15	1.028	7.8	25	208	1204	2664	8772	1.5	0.5			14500		4	0	0
31 Tue	15		0.853	7.7	25	192	1304	2292							38850	3.9	0	0		96.25
Sum	465	292.508522345976	32.361	149.5	578	3976	30694	55601	176070	19.5	12			317800	162750	67.3	40	5.95		726.25	21.49	2.93		334.048514408173	13.3211029090909	2574	16.3	1191.64183987971	78.0142554545454	23.93	0.399	200	2.15300511818182	2045.3	6.6	1194.81459854015	41.0714672727273	0.79930811947243
Avg	15	15.3951853866303	1.04390322580645	7.11904761904762	27.5238095238095	189.333333333333	1461.61904761905	2647.66666666667	9266.84210526316	0.975	0.6			15890	27125	2.17096774193548	1.29032258064516	0.191935483870968		145.25	5.3725	0.7325		83.5121286020433	3.33027572727273	214.5	1.35833333333333	99.3034866566427	6.50118795454545	11.965	0.03325	100	0.179417093181818	170.441666666667	0.55	99.5678832116789	3.42262227272727	0.0666090099560358
Max	15	20.8603280247207	2.908	8.2	33	230	1796	3624	16064	2	1.5			25000	53600	4.2	3.1	2.5		385	9.94	0.96		92.8571428571429	6.749145	474	8.2	100	42.57153	14.2	0.102	100	1.0590966	305	3.6	100	31.1499	0.107453419960385
Min	15	14.2179062557961	0.67	5.8	24	156	1204	2034	6826	0	0			0	3700	0	0	0		78.75	2.87	0.61		77.3519163763066	1.64646763636364	90	0	96.4957264957265	0	9.73	0	100	0	60	0	96.8717413972888	0	0.034739988689306

### November
Nov, 2006
AmericanBath	Target
MCRT
Days
	Actual
MCRT
Day
	Flow
MGD
Daily	Mixed
Liquor
DO
mg/l	Mixed
Liquor
30 min.
Settleable
%	SVI	MLSS
mg/l	RAS
TSS
MG/L
	WAS
Tss
MG/L
	Clarifier
Tank 1
Depth of
Blanket
Feet	Clarifier
Tank 2
Depth of
Blanket
Feet	WAS
Waste To
Digester
GPD
	Seed
Hauled
GPD
	WAS
Total
Wasted
GPD	Digester
Supernatant
GAL
	UV
Bank A
	UV
Bank B
	Precip
Inches
	Wind
Direction

	Alum
Used
GPD
	Influent
Total P
MG/L
	Effluent
Total P
MG/L
	Operations
Daily
PO-4
MG/L
	PO-4
%
Removal	Effluent
Phos
Loading
KG/Day
	Influent
TSS
MG/L
	Effluent
TSS
MG/L
	TSS
%
Removal	Effluent
TSS
Loading
KG/Day
	Influent
Nh3
MG/L
	Effluent
Nh3
MG/L
	NH-3
%
Removal	Effluent
NH3
Loading
KG/Day
	Influent
BOD
MG/L
	Effluent
BOD
MG/L
	BOD
%
Removal	Effluent
Bod
Loading
KG/Day
	F/M
Ratio

1 Wed	15	15	1.128	8	22	161	1363	2574	9440	0.5	0			14700				0.25			4.8	0.82		82.88	3.51	526	AA	100	0	11.6	0.058	99.5	0.25	233.4	3.5	98.5	14.97	0.123
2 Thu	15	15	0.839	8.2	24	193	1241	2206	9646	1	1.5			13700				0								178	AA	100	0		AA		0	183.4	AA	100	0	0.079
3 Fri	15		0.801	8.3	25	211	1184	1870		1.5	0.5							0								134	AA	100	0		AA		0	151.7	AA	100	0	0.065
4 Sat	15		0.859															0
5 Sun	15		0.769															0
6 Mon	15		0.678	7.9	29	229	1269	1690		0.5	0.5							0
7 Tue	15	15	0.811	7.5	27	192	1404	3500	17802	1	0.5			8000	27750			0.4		70
8 Wed	15	15	1.368	7.6	26	191	1359	2250	9540	1	0.5			14600				0.15			4.6	0.85		81.52	4.41	284	AA	100	0	6.06	AA	100	0	144.2	4.1	97.2	21.26	0.093
9 Thu	15	15	0.943	7.4	27	203	1333	2666	9156	1.5	0.5			15400				0								190	AA	100	0		AA		0	112.5	AA	100	0	0.051
10 Fri	15		0.768															0
11 Sat	15		0.8															0
12 Sun	15		1.078															0.25
13 Mon	15	15	0.948	7.8	28	203	1376	2710	9468	1.5	1			15500				0
14 Tue	15	15	0.77	8	27	203	1331	2078	9948	1	1			14200				0		78.75						480	4.4	99.1	12.84		AA		0	230.9	3.4	98.5	9.92	0.085
15 Wed	15	15	0.772	7.7	26	198	1311	2170	8120	0	0.5			16600				0								258	AA	100	0		AA		0	112.5	AA	100	0	0.042
16 Thu	15	17	1.715	8.1	25	191	1310	4318	30290	1	0			4000				1.2		87.5	2.5	0.83		66.8	5.4	142	AA	100	0	3.67	AA	100	0	53.3	AA	100	0	0.044
17 Fri	15	17	2.701	8.3	27	193	1397	3762	25510	0.5	0			5000	64750			0.2								70	AA	100	0		0.053		0.54	46.7	AA	100	0	0.058
18 Sat	15		1.442															0
19 Sun	15		1.077															0
20 Mon	15	15	1.044	8.4	30	191	1567	2570	10454	2	0.5			15900				0
21 Tue	15	15	0.863	8.4	29	195	1487	2368	9566	1	0.5			16200				0		70
22 Wed	15	15	0.772	8.6	26	191	1360	2320	9070	0	0.5			15400				0			5.1	0.83		83.73	2.43	196	3.6	98.2	10.54	12.2	0.054	99.6	0.16	118.4	4.5	96.2	13.17	0.043
23 Thu	15		0.786															0
24 Fri	15		0.825															0
25 Sat	15		0.739															0
26 Sun	15		0.785															0
27 Mon	15	15	0.763	7.3	30	189	1591	1630	9274	1	0		8000	17700				0								320	AA	100	0		0.053		0.15	145	3	97.9	8.68	0.044
28 Tue	15	15	0.722	7.5	33	220	1503	2990	10592	1	0.5			15000	70300			0								128	AA	100	0		0.053		0.14	145	AA	100	0	0.044
29 Wed	15	15	0.792	8.4	30	194	1548	2330	9828	0	0.5			16200				0
30 Thu	15	23	0.722	7.5	30	195	1539	2116	10485	0.5	0.5			10000				0.1
Sum	450	268.117314366234	29.08	150.9	521	3743	26473	48118	208189	16.5	9.5		8000	228100	162800			2.55		306.25	16.99	3.33		314.928231414196	15.7397408181818	2906	8	1197.24659863946	23.3792945454546	33.53	0.271	399.05737704918	1.24564155	1677	18.5	1188.31501510719	68.0005690909091	0.77171098238341
Avg	15	15.7716067274255	0.969333333333334	7.9421052631579	27.421052631579	197	1393.31578947368	2532.52631578947	12246.4117647059	0.868421052631579	0.5		8000	13417.6470588235	54266.6666666667			0.085		76.5625	4.2475	0.8325		78.732057853549	3.93493520454545	242.166666666667	0.666666666666667	99.7705498866213	1.94827454545455	8.3825	0.0225833333333333	99.7643442622951	0.1038034625	139.75	1.54166666666667	99.0262512589329	5.66671409090909	0.0643092485319508
Max	15	23.0299570815451	2.701	8.6	33	229	1591	4318	30290	2	1.5		8000	17700	70300			1.2		87.5	5.1	0.85		83.7254901960784	5.39616954545455	526	4.4	100	12.8436	12.2	0.058	100	0.54063216	233.4	4.5	100	21.2624509090909	0.12310938221138
Min	15	14.7113128091909	0.678	7.3	22	161	1184	1630	8120	0	0		8000	4000	27750			0		70	2.5	0.82		66.8	2.42906290909091	70	0	98.1632653061225	0	3.67	0	99.5	0	46.7	0	96.1993243243243	0	0.0422225236380502

### December
Dec, 2006
AmericanBath	Target
MCRT
Days
	Actual
MCRT
Day
	Flow
MGD
Daily	Mixed
Liquor
DO
mg/l	Mixed
Liquor
30 min.
Settleable
%	SVI	MLSS
mg/l	RAS
TSS
MG/L
	WAS
Tss
MG/L
	Clarifier
Tank 1
Depth of
Blanket
Feet	Clarifier
Tank 2
Depth of
Blanket
Feet	WAS
Waste To
Digester
GPD
	Seed
Hauled
GPD
	WAS
Total
Wasted
GPD	Digester
Supernatant
GAL
	UV
Bank A
	UV
Bank B
	Precip
Inches
	Wind
Direction

	Alum
Used
GPD
	Influent
Total P
MG/L
	Effluent
Total P
MG/L
	Operations
Daily
PO-4
MG/L
	PO-4
%
Removal	Effluent
Phos
Loading
KG/Day
	Influent
TSS
MG/L
	Effluent
TSS
MG/L
	TSS
%
Removal	Effluent
TSS
Loading
KG/Day
	Influent
Nh3
MG/L
	Effluent
Nh3
MG/L
	NH-3
%
Removal	Effluent
NH3
Loading
KG/Day
	Influent
BOD
MG/L
	Effluent
BOD
MG/L
	BOD
%
Removal	Effluent
Bod
Loading
KG/Day
	F/M
Ratio

1 Fri	15		3.257	8.3	24	200	1201	6818		2	1			0				3.2								184	6.5	96.5	80.26		0.059		0.73	70	3.6	94.9	44.45	0.121
2 Sat	15		3.404															0.1
3 Sun	15		1.698															0
4 Mon	15	15	1.205	9.2	32	180	1779	3436	11172	0	0.5		8000	16300				0
5 Tue	15	15	1.022	10.4	32	189	1690	2808	11868	0.5	0.5		8000	14700				0
6 Wed	15		0.911	9	31	178	1740	3172		0.5	0.5			0				0		78.75	4.9	0.65		86.73	2.24	336	5.1	98.5	17.61	12.1	AA	100	0	158.4	3.8	97.6	13.12	0.053
7 Thu	15	15	0.905	6.9	33	174	1893	3512	11748	0.5	0			16600				0								428	AA	100	0		AA		0	149.2	AA	100	0	0.045
8 Fri	15	21	0.915	7.5	34	183	1856	3574	8348	0	0.5			17000				0								330	AA	100	0		AA		0	178.4	AA	100	0	0.056
9 Sat	15		0.832															0
10 Sun	15		0.693															0
11 Mon	15	15	0.877	6.8	34	191	1781	3748	10400	0	0.5			17700	61050			0
12 Tue	15	15	0.815	5.6	32	176	1814	2850	12062	0.5	1.5			15900	33300			0		70
13 Wed	15	15	1.526	5.5	30	182	1652	3986	12310	1	0.5			14000				0.5			6.8	0.89		86.91	5.15	212	3.5	98.3	20.25		0.098		0.57	58.4	3.7	93.7	21.4	0.034
14 Thu	15	15	1.209	5.8	30	185	1625	2620	9286	0.5	0			17800				0								344	AA	100	0	7.18	0.052	99.3	0.24	93.3	AA	100	0	0.044
15 Fri	15	15	1.265	6	20	101	1981	3084	14204	0	0.5			14500				0								468	AA	100	0		AA		0	120	AA	100	0	0.049
16 Sat	15		1.002															0
17 Sun	15		0.757															0
18 Mon	15		1.134	3.1	24					0	1				16650			0.4
19 Tue	15	15	1.319	6.1	35	208	1686	3452	10356	0.5	0			16600	46250			0		78.75
20 Wed	15	15	0.817	5.8	34	190	1793	3346	9388	0.5	0.5			19900				0			8	0.9		88.75	2.79	462	AA	100	0	8.82	AA	100	0	202.5	4	98	12.39	0.059
21 Thu	15	15	1.007	5.1	31	166	1862	2085	12802	0.5	1.5			15000				0.25								312	AA	100	0		AA		0	136.7	AA	100	0	0.047
22 Fri	15		1.863							0	0			15000				0.3								174	AA	100	0		AA		0	83.3	AA	100	0
23 Sat	15		1.777															0.1
24 Sun	15		1.201															0
25 Mon	15		1.184															0
26 Tue	15	15	1.756	4.9	29	156	1850	6190	14442	0	1			13700				0.75
27 Wed	15	37	2.534	7.1	31	155	1996	4722	8486	0	0.5			10000				0		113.75	2.3					206	4.3	97.9	41.31		AA		0	105	AA	100	0	0.085
28 Thu	15	16	1.542	6.3	34	185	1831	3464	10176	2.5	1			18200				0		70		0.31			1.81	80	AA	100	0	4.73	AA	100	0	60	AA	100	0	0.032
29 Fri	15		1.129	5.9	34	200	1697			0.5	0.5			25000				0
30 Sat	15		1.15															0
31 Sun	15		0.996															2.6
Sum	465	254.600470374991	41.702	125.3	584	3199	31727	62867	167048	10	12		16000	277900	157250			8.2		411.25	22	2.75		262.396458583433	11.9929579090909	3536	19.4	1191.21121212449	159.422132727273	32.83	0.2093	399.279944289694	1.53713061545455	1415.2	15.1	1184.14722787782	91.3654581818182	0.625918830922522
Avg	15	16.9733646916661	1.34522580645161	6.59473684210526	30.7368421052632	177.722222222222	1762.61111111111	3698.05882352941	11136.5333333333	0.5	0.6		8000	14626.3157894737	39312.5			0.264516129032258		82.25	5.5	0.6875		87.4654861944778	2.99823947727273	294.666666666667	1.61666666666667	99.267601010374	13.2851777272727	8.2075	0.0174416666666667	99.8199860724234	0.128094217954545	117.933333333333	1.25833333333333	98.6789356564851	7.61378818181818	0.0569017119020475
Max	15	36.9045958048551	3.404	10.4	35	208	1996	6818	14442	2.5	1.5		8000	25000	61050			3.2		113.75	8	0.9		88.75	5.14858527272727	468	6.5	100	80.2554409090909	12.1	0.0984	100	0.730941861818182	202.5	4	100	44.4491672727273	0.120990103318405
Min	15	14.6705624410554	0.693	3.1	20	101	1201	2085	8348	0	0		8000	0	16650			0		70	2.3	0.31		86.734693877551	1.81213036363636	80	0	96.4673913043478	0	4.73	0	99.2799442896936	0	58.4	0	93.6643835616438	0	0.0322050765810406
