### Early EPA actual
	American Bath trunk Sewer
	Amortization Schedule - level principal payment 					20 years
			rate	0.01
			balance	1292958
			payment	35744.49	semi annual
	#	Date	Payment $	Interest	Princp	Balance
	1	2010-07-01	35744.49	6464.79	29279.7	1263678.3
	2	2011-01-02	35744.49	6318.3915	29426.0985	1234252.2015
	3	2011-07-06	35744.49	6171.2610075	29573.2289925	1204678.9725075
	4	2012-01-07	35744.49	6023.3948625375	29721.0951374625	1174957.87737004
	5	2012-07-10	35744.49	5874.78938685019	29869.7006131498	1145088.17675689
	6	2013-01-11	35744.49	5725.44088378444	30019.0491162156	1115069.12764067
	7	2013-07-15	35744.49	5575.34563820336	30169.1443617966	1084899.98327888
	8	2014-01-16	35744.49	5424.49991639438	30319.9900836056	1054579.99319527
	9	2014-07-20	35744.49	5272.89996597635	30471.5900340236	1024108.40316125
	10	2015-01-21	35744.49	5120.54201580623	30623.9479841938	993484.455177052
	11	2015-07-25	35744.49	4967.42227588526	30777.0677241147	962707.387452938
	12	2016-01-26	35744.49	4813.53693726469	30930.9530627353	931776.434390202
	13	2016-07-29	35744.49	4658.88217195101	31085.607828049	900690.826562153
	14	2017-01-30	35744.49	4503.45413281077	31241.0358671892	869449.790694964
	15	2017-07-29	35744.49	4347.24895347482	31397.2410465252	838052.549648439
	16	2018-01-30	35744.49	4190.2627482422	31554.2272517578	806498.322396681
	17	2018-07-29	35744.49	4032.49161198341	31711.9983880166	774786.324008665
	18	2019-01-30	35744.49	3873.93162004332	31870.5583799567	742915.765628708
	19	2019-07-29	35744.49	3714.57882814354	32029.9111718565	710885.854456852
	20	2020-01-30	35744.49	3554.42927228426	32190.0607277157	678695.793729136
	21	2020-07-28	35744.49	3393.47896864568	32351.0110313543	646344.782697782
	22	2021-01-29	35744.49	3231.72391348891	32512.7660865111	613832.01661127
	23	2021-07-28	35744.49	3069.16008305635	32675.3299169436	581156.686694327
	24	2022-01-29	35744.49	2905.78343347163	32838.7065665284	548317.980127798
	25	2022-07-28	35744.49	2741.58990063899	33002.900099361	515315.080028437
	26	2023-01-29	35744.49	2576.57540014219	33167.9145998578	482147.165428579
	27	2023-07-28	35744.49	2410.7358271429	33333.7541728571	448813.411255722
	28	2024-01-29	35744.49	2244.06705627861	33500.4229437214	415312.988312001
	29	2024-07-27	35744.49	2076.56494156	33667.92505844	381645.063253561
	30	2025-01-28	35744.49	1908.2253162678	33836.2646837322	347808.798569829
	31	2025-07-27	35744.49	1739.04399284914	34005.4460071509	313803.352562678
	32	2026-01-28	35744.49	1569.01676281339	34175.4732371866	279627.879325491
	33	2026-07-27	35744.49	1398.13939662746	34346.3506033725	245281.528722119
	34	2027-01-28	35744.49	1226.40764361059	34518.0823563894	210763.446365729
	35	2027-07-27	35744.49	1053.81723182865	34690.6727681714	176072.773597558
	36	2028-01-28	35744.49	880.36386798779	34864.1261320122	141208.647465546
	37	2028-07-26	35744.49	706.043237327729	35038.4467626723	106170.200702873
	38	2029-01-27	35744.49	530.851003514367	35213.6389964856	70956.5617063879
	39	2029-07-26	35744.49	354.782808531939	35389.7071914681	35566.8545149198
	40	2030-01-27	35744.49	177.834272574599	35566.6557274254	0.198787494387943
	Total		1429779.6	136821.798787494	1292957.80121251

### Early1%
	Early Lutz								Early Lutz
	Amortization Schedule - level principal payment 					20 years			Amortization Schedule - level principal payment 					20 years
	Households	95		Annual	Monthly 	Quarterly			Households	95		Annual	Monthly 	Quarterly
	Debt Service			418.742105263158	34.8951754385965	104.685526315789			Debt Service			418.742105263158	34.8951754385965	104.685526315789
	O & M			432	36	108			O & M			432	36	108
	Total			850.742105263158	70.8951754385965	212.685526315789			Total			850.742105263158	70.8951754385965	212.685526315789
			rate	0.01							rate	0.01
			balance	718512							balance	718512
			payment	19890.25							payment	39780.5
	#	Date	Payment $	Interest	Princp	Balance			#	Date	Payment $	Interest	Princp	Balance
	1	2006-07-01	19890.25	3592.56	16297.69	702214.31			1	2006-01-01	19890.25	3592.56	16297.69	702214.31
	2	2007-01-02	19890.25	3511.07155	16379.17845	685835.13155			2	2007-01-01	39780.5	7022.1431	32758.3569	669455.9531
	3	2007-07-06	19890.25	3429.17565775	16461.07434225	669374.05720775			3	2008-01-01	39780.5	6694.559531	33085.940469	636370.012631
	4	2008-01-07	19890.25	3346.87028603875	16543.3797139613	652830.677493789			4	2009-01-01	39780.5	6363.70012631	33416.79987369	602953.21275731
	5	2008-07-10	19890.25	3264.15338746894	16626.0966125311	636204.580881258			5	2010-01-01	39780.5	6029.5321275731	33750.9678724269	569202.244884883
	6	2009-01-11	19890.25	3181.02290440629	16709.2270955937	619495.353785664			6	2011-01-01	39780.5	5692.02244884883	34088.4775511512	535113.767333732
	7	2009-07-15	19890.25	3097.47676892832	16792.7732310717	602702.580554592			7	2012-01-01	39780.5	5351.13767333732	34429.3623266627	500684.405007069
	8	2010-01-16	19890.25	3013.51290277296	16876.737097227	585825.843457365			8	2013-01-01	39780.5	5006.84405007069	34773.6559499293	465910.74905714
	9	2010-07-20	19890.25	2929.12921728683	16961.1207827132	568864.722674652			9	2014-01-01	39780.5	4659.1074905714	35121.3925094286	430789.356547711
	10	2011-01-21	19890.25	2844.32361337326	17045.9263866267	551818.796288025			10	2015-01-01	39780.5	4307.89356547711	35472.6064345229	395316.750113188
	11	2011-07-25	19890.25	2759.09398144013	17131.1560185599	534687.640269466			11	2016-01-01	39780.5	3953.16750113188	35827.3324988681	359489.41761432
	12	2012-01-26	19890.25	2673.43820134733	17216.8117986527	517470.828470813			12	2017-01-01	39780.5	3594.8941761432	36185.6058238568	323303.811790463
	13	2012-07-29	19890.25	2587.35414235406	17302.8958576459	500167.932613167			13	2018-01-01	39780.5	3233.03811790463	36547.4618820954	286756.349908368
	14	2013-01-30	19890.25	2500.83966306583	17389.4103369342	482778.522276233			14	2019-01-01	39780.5	2867.56349908368	36912.9365009163	249843.413407452
	15	2013-07-29	19890.25	2413.89261138116	17476.3573886188	465302.164887614			15	2020-01-01	39780.5	2498.43413407452	37282.0658659255	212561.347541526
	16	2014-01-30	19890.25	2326.51082443807	17563.7391755619	447738.425712052			16	2021-01-01	39780.5	2125.61347541526	37654.8865245847	174906.461016942
	17	2014-07-29	19890.25	2238.69212856026	17651.5578714397	430086.867840612			17	2022-01-01	39780.5	1749.06461016942	38031.4353898306	136875.025627111
	18	2015-01-30	19890.25	2150.43433920306	17739.8156607969	412347.052179815			18	2023-01-01	39780.5	1368.75025627111	38411.7497437289	98463.275883382
	19	2015-07-29	19890.25	2061.73526089908	17828.5147391009	394518.537440714			19	2024-01-01	39780.5	984.63275883382	38795.8672411662	59667.4086422159
	20	2016-01-30	19890.25	1972.59268720357	17917.6573127964	376600.880127918			20	2025-01-01	39780.5	596.674086422159	39183.8259135778	20483.582728638
	21	2016-07-28	19890.25	1883.00440063959	18007.2455993604	358593.634528558			21	2025-07-10	19890.25	102.41791364319	19787.8320863568	695.750642281204
	22	2017-01-29	19890.25	1792.96817264279	18097.2818273572	340496.3527012
	23	2017-07-28	19890.25	1702.481763506	18187.768236494	322308.584464706
	24	2018-01-29	19890.25	1611.54292232353	18278.7070776765	304029.87738703
	25	2018-07-28	19890.25	1520.14938693515	18370.1006130649	285659.776773965
	26	2019-01-29	19890.25	1428.29888386983	18461.9511161302	267197.825657835			Total		795610	77793.7506422813	717816.249357719
	27	2019-07-28	19890.25	1335.98912828917	18554.2608717108	248643.564786124
	28	2020-01-29	19890.25	1243.21782393062	18647.0321760694	229996.532610055
	29	2020-07-27	19890.25	1149.98266305027	18740.2673369497	211256.265273105
	30	2021-01-28	19890.25	1056.28132636552	18833.9686736345	192422.29659947
	31	2021-07-27	19890.25	962.111482997352	18928.1385170026	173494.158082468
	32	2022-01-28	19890.25	867.470790412339	19022.7792095877	154471.37887288
	33	2022-07-27	19890.25	772.356894364401	19117.8931056356	135353.485767245
	34	2023-01-28	19890.25	676.767428836223	19213.4825711638	116140.003196081
	35	2023-07-27	19890.25	580.700015980404	19309.5499840196	96830.4532120612
	36	2024-01-28	19890.25	484.152266060306	19406.0977339397	77424.3554781215
	37	2024-07-26	19890.25	387.121777390607	19503.1282226094	57921.2272555121
	38	2025-01-27	19890.25	289.60613627756	19600.6438637224	38320.5833917896
	39	2025-07-26	19890.25	191.602916958948	19698.6470830411	18621.9363087486
	40	2026-01-27	19890.25	93.1096815437429	19797.1403184563	-1175.20400970767
	Total		795610	75922.7959902923	719687.204009708
